
Training collaborative filtering...
D =

 Columns 1 through 5:

   8.8304e-01  -8.3419e-01   1.7680e+00  -8.1067e-01  -2.2580e-01
  -4.7020e-01   3.5064e+00  -4.0169e+00  -2.1775e+00   8.2535e-01
   1.7586e+00  -2.2222e+00  -1.8325e+00  -4.8456e-01  -5.6110e+00
  -6.5225e-01  -9.6955e-01   4.0749e-01   3.4406e+00  -1.1613e+00
   1.0131e+00  -1.6639e+00  -2.8218e+00  -2.8770e+00   8.7335e-01
  -2.1675e+00   2.2961e+00   1.8253e+00   1.7868e+00  -2.6093e+00
   1.3408e-01  -8.0814e-01  -3.1085e+00  -2.8815e-01   5.0954e+00
  -1.6691e+00   4.2404e+00  -8.0349e-01   6.3636e-01  -6.8410e+00
  -1.5919e+00   4.1896e+00  -3.1357e+00  -3.2506e+00   5.8701e-01
  -4.9838e+00   7.3361e+00  -1.9766e+00  -2.8667e+00   6.7341e-01
  -1.0307e+00  -1.8849e+00  -1.9671e+00   2.4298e+00  -7.6966e+00
   2.0428e-01  -1.6153e+00  -3.6218e+00   2.1417e+00  -6.7902e+00
  -3.2213e+00   1.5187e+00   1.2964e+00   1.2387e+00  -4.2609e-01
  -1.3352e+00   2.1412e+00   2.6585e+00   5.5621e-01   9.3710e-01
   5.4467e-01   1.5818e-01  -1.9768e+00   2.7769e-01  -6.1729e+00
   1.5933e+00  -5.1224e+00  -2.6624e+00  -9.0308e-01   6.7468e-01
   3.5550e-02   1.8605e+00   1.9659e+00   5.7791e-01   5.3967e+00
   7.1175e-01  -2.8317e+00  -4.7724e+00  -3.1621e+00  -1.8684e+00
   1.6765e+00  -1.2946e+00   3.1237e-01  -1.1164e+00  -6.0803e+00
  -1.3771e+00  -1.8700e+00  -5.5026e-01   1.8752e+00  -1.1479e+00
   5.5538e-02   2.8438e+00   1.4270e+00   2.8549e+00   6.9491e+00
   2.3352e+00  -2.2733e-01   3.7678e+00   2.1382e-01   8.6407e-01
  -5.4129e+00   5.2424e+00  -2.4555e+00   3.5373e+00  -2.9733e+00
  -3.5865e-01  -8.4405e-01  -7.7090e-01  -2.7288e-01  -3.3655e+00
   5.3370e-01   2.4442e+00   1.6415e+00  -3.1971e+00   4.6905e+00
  -1.2190e+00   1.6563e+00  -7.1639e-01  -3.1928e+00   6.3127e+00
   6.9856e-01   9.7611e-01  -2.6819e+00  -1.8410e+00   5.3683e+00
   2.7498e+00  -4.6851e+00   1.8817e+00   1.3342e+00   6.3557e-01
   3.6298e+00  -4.0400e+00   1.6744e+00   5.1591e-01  -2.4258e+00
   9.3261e-02   3.8479e+00  -2.6207e-01  -7.7696e-01   3.0749e+00
  -3.4840e+00   5.0008e+00  -9.0280e-01   1.1200e+00   1.4888e+00
   9.1560e-01  -3.6968e+00  -2.9624e+00   9.0569e-02   1.0452e+00
  -2.8831e-01  -9.1001e-01  -3.0050e+00   9.4062e-01  -1.2934e+00
   1.0622e+00  -1.7720e+00  -6.3852e-01  -1.9989e+00  -2.4989e+00
   5.5223e-01   9.8987e-01   4.2913e+00   2.1863e+00  -3.8670e+00
  -1.9133e+00   3.4970e+00  -2.7646e+00   5.2045e-01  -1.2324e+00
  -5.7569e+00   7.1598e+00  -6.4455e-01  -1.0183e+00   4.6948e+00
  -2.1137e+00   4.6984e+00   2.0981e+00   2.3504e+00  -5.3649e+00
   2.1579e+00  -2.3258e+00   1.6858e+00  -1.4540e+00   1.3923e+00
  -1.1971e+00   1.8167e+00  -4.1244e+00   6.9294e-01  -5.0431e+00
  -2.1452e+00   1.3217e+00  -1.2717e+00  -7.4149e-02   1.1862e+00
  -4.7216e-01  -8.5296e-01  -1.5372e+00  -1.1585e+00   2.3813e+00
  -4.6786e+00   5.2338e+00  -3.5970e+00  -1.4201e+00   8.3886e-01
   2.6053e+00  -2.9683e+00  -4.0849e+00  -2.5366e-01   9.1292e-01
   3.4842e-01  -3.1027e+00  -2.7095e+00  -4.7351e-01   6.5794e-01
  -6.3638e-01  -9.5829e-03  -2.7891e+00  -2.5570e-01   1.6882e+00
   1.6138e+00  -1.7845e+00  -4.8778e+00  -6.0563e+00   1.1273e+00
   9.5174e-01  -8.6559e-01  -2.1216e+00  -2.8375e+00   2.9795e+00
  -1.6225e+00   1.1537e+00  -3.6119e+00   2.2673e+00  -2.7227e+00
  -1.1711e+00   2.2069e+00   2.3307e+00  -2.3593e+00   5.2688e+00
   2.9100e+00  -6.5420e+00   1.0711e+00   8.9382e-01   3.9580e+00
   1.5497e+00  -2.2758e+00   2.5693e+00  -7.1274e-01   1.1160e+00
   2.9875e-01  -2.2874e-01  -2.0173e+00  -1.9453e+00  -9.3334e-01
  -3.0438e-02   1.5362e+00  -1.4048e+00  -2.7823e+00   1.9692e+00
  -2.7326e+00  -6.4150e-01  -2.6855e-01  -1.7002e+00  -5.5118e-02
  -1.7398e-02   1.9567e+00   5.3739e+00   1.2974e+00   2.1906e+00
  -1.7454e+00  -8.3552e-01   3.2096e+00   1.6765e+00   1.7982e+00
  -1.5396e+00  -1.1763e-01   6.0891e-01  -1.0075e+00  -4.9826e+00
   2.3996e+00  -2.8968e+00   3.0523e+00   1.4335e+00   1.4222e+00
  -2.6906e+00   3.7762e+00  -1.1383e+00  -2.1082e+00  -5.9097e-01
   8.5050e-01   1.2846e+00  -1.5385e+00  -2.9119e-01   1.8777e+00
   7.4582e-01  -2.4897e+00  -2.0873e+00  -1.5389e-01  -1.3240e-01
   9.1979e-01   1.4568e+00  -3.7777e+00  -2.8379e+00  -3.2371e+00
   1.1807e+00   8.3512e-01   2.0911e-01   2.9917e-01   1.7381e+00
  -2.1377e+00   4.2092e-01  -3.8499e+00  -1.6369e+00   1.3068e+00
   5.7685e+00  -4.1736e+00   1.2395e+00   1.3051e+00  -6.3070e+00
   2.0153e+00   1.0926e+00   2.5405e+00   8.0579e-01   1.7360e+00
  -1.8236e+00   2.7172e+00  -4.5352e+00   6.0527e-01  -1.0606e+01
  -6.5258e-01  -4.7946e-01  -9.7812e-01   8.9738e-01  -6.7602e+00
  -2.0139e+00   4.3757e+00  -4.5475e-01   1.5642e+00  -2.7191e+00
   3.3383e+00  -1.9712e+00   1.8808e+00  -2.0846e+00   6.3572e+00
   2.5042e+00  -1.6619e+00   8.5167e-01   1.8096e+00  -4.0309e+00
  -1.6931e+00   3.2491e+00   2.6144e+00  -1.9835e-01   7.0988e+00
  -7.5509e-01   1.4606e+00  -2.6775e-01   7.0429e-01  -6.4832e+00
  -8.5713e-01  -3.1496e+00  -5.9917e+00   5.8475e-01  -2.6964e+00
   3.4546e+00  -4.0675e+00   3.8477e+00   3.1106e-01   5.8264e+00
   7.3877e-01  -3.7455e+00  -4.6726e+00  -1.3703e+00   5.9561e+00
   2.8312e+00  -4.9259e-01   6.6892e+00   3.4593e-01   5.0131e+00
   2.1836e+00  -4.4585e+00   6.0448e-01  -1.3459e+00  -3.9626e+00
  -1.3324e+00   1.7340e+00   1.8089e+00   6.4300e-01   7.5141e+00
  -2.2222e+00  -9.3723e-02  -2.3216e+00  -2.1928e+00  -1.8645e+00
   2.8601e+00  -2.3441e+00   3.1269e+00   1.7873e+00   2.0355e+00
  -4.0259e+00   5.2682e+00  -3.7853e+00   1.8314e+00  -2.6051e+00
   1.8746e+00  -2.5848e+00   4.3091e+00   1.2244e+00   2.3537e+00
   2.2985e-01   5.8037e-01   1.1123e+00  -1.9965e+00  -3.0691e-01
   1.7180e+00  -2.1742e+00   3.0382e+00   1.5934e+00  -1.9891e+00
   7.4995e-01  -1.0877e+00  -8.8703e-01  -1.1795e+00   2.2499e+00
  -2.5827e+00   2.3746e+00  -1.9025e+00  -2.0349e+00  -2.9027e+00
  -4.5386e+00   3.6634e+00  -3.9709e+00  -2.7192e+00   3.6552e+00
  -1.6940e+00   3.2505e+00  -2.6513e-01  -1.6040e+00   2.2260e+00
  -9.8282e-01  -1.6952e+00  -5.1299e+00  -1.7571e+00  -1.2581e+00
  -1.5893e+00   1.0682e+00  -1.2205e+00  -2.4807e-01   4.1545e+00
   1.1808e+00  -3.7040e+00   5.6142e-01   9.4638e-01  -1.8218e+00
   3.1734e+00  -2.4374e+00  -3.5288e-01   3.7098e+00  -4.6215e+00
   2.2669e-02   4.4937e-01  -6.8269e+00  -5.0766e+00  -2.4796e+00
  -4.2845e+00   4.1886e+00   2.8977e+00   1.3778e+00   6.2754e+00
   2.0113e+00  -1.4065e+00   4.0869e-01   2.1140e+00  -9.7043e-01
  -1.0906e+00   2.3274e+00  -3.9095e+00   3.7210e+00   1.0048e+00
   3.0708e-01   1.4457e+00  -3.7986e+00  -4.9866e+00   7.8485e+00
  -1.6520e+00   1.9382e+00   1.5038e+00  -3.7348e-01   3.2042e+00
   2.4258e-01   1.4610e+00   3.0740e+00   2.8557e+00   2.6649e+00
  -1.4269e+00  -1.1929e+00  -7.5787e-01   7.6610e-01   3.4998e+00
   2.0883e+00  -8.6025e-01  -2.6710e+00  -1.6276e+00  -2.4445e+00
  -1.5453e+00   1.1700e+00  -7.3203e-01  -2.9571e-01   2.7531e+00
  -8.3188e-01   2.9660e+00  -1.3041e-01  -2.0129e+00   5.1112e+00
  -4.2242e-01  -2.0176e+00   3.8145e+00   5.3285e+00   1.4062e+00
   3.5542e+00  -6.7762e+00  -1.6956e+00  -1.8789e+00   1.8705e+00
  -5.4277e-01  -1.7748e+00  -1.0589e+00  -4.2373e-01  -8.4162e+00
   1.2896e+00  -1.3939e+00  -2.5110e+00  -7.9676e-01  -4.6617e-01
  -8.9027e-01   1.2242e+00  -8.4667e+00  -2.0854e+00  -7.1145e+00
  -8.9545e-01  -8.6829e-01  -3.7882e+00  -3.1186e-01  -5.3864e+00
  -3.1546e+00   6.4406e+00   1.6027e+00   1.3562e+00   2.2643e+00
  -1.2274e+00  -1.1266e+00   1.2632e+00   6.5208e-02  -5.7331e+00
  -4.4934e+00   2.8292e+00  -5.5750e+00  -2.4572e+00   4.3830e+00
  -7.5296e-02  -1.2068e+00   3.1320e+00  -3.1511e-01   4.2850e+00
  -1.8412e-01   1.1283e+00   2.0186e+00  -2.9318e-01   3.1451e+00
   1.0157e+00   6.2262e-01   4.2965e+00  -2.6786e+00   1.3290e+00
   3.8199e+00  -3.3075e+00  -2.2653e+00  -2.7615e+00  -2.1423e+00
  -1.9142e+00   3.6019e+00  -5.1137e+00   1.0957e+00   3.1200e+00
  -4.4946e-01   2.6126e+00   1.8301e+00   1.0018e+00   1.2642e-01
   4.6917e+00  -5.8467e+00   5.7379e+00   2.1522e+00   3.5456e+00
  -1.2495e-01  -9.3526e-02   2.6125e-01  -1.6249e-01   2.7711e+00
   1.5066e+00  -2.9293e+00   8.9163e-01  -7.4739e-01  -9.1411e-01
   6.3348e+00  -5.1716e+00   8.2293e-01  -8.4606e-01   5.4969e-02
  -2.6510e-02   2.6165e+00   1.4223e+00   3.6473e-01  -3.9407e-01
   5.9613e-01   1.1084e+00   3.1689e+00  -5.9562e-01   3.7157e+00
   1.1729e+00  -3.0954e+00  -2.9847e+00  -1.0164e+00  -7.7762e+00
   2.2670e+00  -4.7182e+00   5.5571e+00   2.8557e+00   3.1293e+00
  -1.3512e+00  -4.1960e-02  -8.1040e+00  -9.3731e-01  -4.3458e+00
   1.7330e+00  -1.9748e+00   1.5116e+00  -1.0197e+00   9.5261e-01
  -7.4654e-01   3.3561e+00   1.2154e+00  -1.7158e-01   2.3247e+00
  -2.4259e+00   2.8805e+00   8.6958e-01   9.9643e-01   2.9024e+00
  -4.3617e+00   5.1805e+00  -3.2640e+00  -1.1421e+00   2.3847e+00
   2.1473e+00  -2.4677e+00  -2.9707e+00   4.8041e-01  -1.9251e+00
   9.2345e-01   3.4532e+00   3.6346e+00   3.2278e+00   2.2980e+00
  -7.6962e-02   7.4368e-01   8.8138e-01   1.8621e+00   3.1026e+00
  -1.4320e-01  -1.5274e+00  -5.7612e+00  -4.1410e+00   4.4362e+00
   7.0763e+00  -5.8393e+00   7.2993e+00   3.7256e+00  -3.8707e+00
   1.2928e+00  -3.1890e-02   2.4024e+00   3.5805e-01  -3.3160e+00
   2.7980e-01   2.8765e+00   2.3358e+00   2.9202e+00  -2.0554e+00
  -1.9759e+00  -2.0418e-01  -8.7767e+00  -2.3262e+00  -9.1334e-01
  -9.6016e-01   8.7028e-01  -7.8576e-01  -3.6886e-01  -7.3916e-01
  -1.2855e+00   4.3405e+00  -1.6872e+00   1.8999e+00   3.1845e+00
   1.1800e+00  -1.6709e-01   2.3798e+00  -1.7272e+00   1.2399e+00
   7.0712e-01   1.5015e-01   1.4590e-01   2.8782e+00  -1.8191e+00
   4.0052e+00  -2.2901e+00   7.7622e+00   1.3752e+00  -2.9234e+00
   2.6708e+00  -2.3830e+00  -3.8727e-01  -3.1940e+00  -2.8541e+00
   5.0690e-01  -1.4712e+00   3.8305e+00   7.1319e-01   2.7478e+00
   1.6231e+00   2.6534e-01  -1.2634e-01   1.8638e+00   2.8246e-01
   7.4506e-01  -3.2840e+00   5.8732e-01  -3.1146e+00  -1.2316e+00
   3.1540e+00  -4.0435e+00  -4.1541e+00   6.5411e-01  -7.8150e+00
  -1.9690e+00   1.8493e+00  -6.4484e-01   3.2705e+00   9.3863e-01
  -2.5378e+00   1.2371e+00   2.9552e+00   1.8164e+00   3.3830e+00
  -3.3720e+00  -8.6430e-01  -1.8091e+00   1.0677e+00   3.7157e+00
   3.0353e+00  -1.0702e-01  -2.5153e-01  -6.7829e-01  -3.1303e+00
   1.3782e-02   1.4649e-03  -4.7575e+00  -5.8399e+00   5.6419e+00
   4.1547e+00  -3.0803e+00   4.7296e+00   2.0305e-01   2.5098e+00
  -4.6160e-01  -2.8427e+00  -3.3270e+00  -9.0245e-01   1.2511e+00
  -9.0199e-01   6.9151e-01  -4.8988e-03   1.9651e+00   1.7719e-01
  -7.1611e-01   1.5557e+00  -1.3620e+00  -1.8491e+00  -3.4292e+00
  -5.3044e+00   5.6365e+00  -1.4226e+00   2.1087e+00  -2.5102e+00
  -4.0501e+00   2.4732e+00  -3.1068e+00  -1.9081e+00  -2.2948e+00
  -2.4498e+00   3.0774e+00  -5.5079e-01   7.0538e-01   2.7335e+00
  -1.0169e+00   4.3064e-01   4.2441e-01   3.1809e+00  -4.6954e+00
  -3.5455e+00   1.6392e+00  -5.5581e-01   1.4936e+00   2.5339e+00
  -6.3804e-01  -1.2086e+00  -5.9448e+00   7.6138e-01  -2.3701e+00
   2.2853e+00  -8.4972e-02   6.3302e+00   1.6492e+00   4.0722e+00
  -1.4335e+00   1.5245e+00   4.3719e+00  -1.5473e-01  -2.2885e+00
  -5.5356e+00   4.5874e+00  -5.2019e+00   7.0627e-01   3.8201e+00
   8.0557e-01   1.7233e-01  -2.6630e+00   2.6141e+00   2.6578e+00
  -2.6419e-01   2.1325e-01  -3.5554e+00  -4.5365e+00   1.5662e+00
   1.1139e+00  -1.2392e+00   4.6363e-01   1.1480e+00  -3.4303e+00
  -2.2154e+00   4.5150e-01   5.1624e-01  -2.0661e+00   6.1649e+00
   3.1734e+00  -2.0810e+00   1.0105e+00  -1.1283e+00  -2.1443e+00
  -5.6504e-01   2.2192e-01  -4.7532e+00  -1.6546e+00  -9.3961e-02
  -6.0604e-01   4.2888e-01  -1.0082e+00  -1.4869e+00  -1.3709e+00
   1.1271e+00  -4.5232e+00  -7.9372e-01  -2.6160e+00   1.7584e+00
   1.8940e+00  -1.6309e+00  -3.4548e+00  -2.0414e+00   2.1882e+00
   2.6449e-01   9.4425e-01  -1.3134e+00  -8.3058e-01  -5.7776e-01
  -1.8885e+00   2.2499e+00  -9.3011e-01   1.3139e+00   1.1646e+00
   1.9241e+00  -4.8103e+00   6.1969e-01   1.1106e+00  -1.7022e+00
   8.8470e-01  -1.0344e+00  -5.3884e+00  -2.0505e+00  -9.9748e+00
   9.5194e-01  -2.1230e+00   5.3824e+00   1.6569e+00   8.0126e-01
   1.7279e+00  -2.6971e+00  -4.5141e+00  -8.2771e-01  -2.6073e-01
   2.4414e+00  -2.7223e+00   2.2627e-01   1.9804e+00  -9.0041e+00
   2.0104e+00  -1.9833e+00   1.3813e+00   4.0714e-01  -2.2532e+00
  -2.5045e+00   8.2592e-01   1.3728e+00   1.1370e+00   4.0347e+00
  -2.1295e+00   3.0492e+00  -1.3595e+00   1.2551e+00  -1.1274e-01
  -7.4295e-01   3.5631e+00  -1.7335e+00  -5.6091e-01  -3.3780e-02
  -2.1424e+00   3.2278e+00   1.3103e+00  -1.1240e+00   3.1688e-01
  -2.5788e+00   4.0091e+00   4.1388e-01   3.0977e+00  -2.9312e+00
   3.2009e+00  -2.1676e+00   3.0207e+00  -1.4027e+00  -3.9218e+00
   6.0663e-01  -6.8814e-01   4.5179e+00   2.2930e+00   2.8613e+00
   3.0778e+00  -1.7549e+00   5.5938e+00   4.3217e+00   5.1748e+00
   3.0352e+00  -2.9916e+00   1.1663e+00   1.9870e+00  -3.3090e-01
  -1.0827e+00   1.1951e+00   2.9038e+00   2.2533e+00   2.1852e+00
  -2.0896e+00   9.9429e-02  -1.2934e+00  -3.7217e-01  -2.3283e+00
   1.7333e+00  -1.2844e+00   1.4642e+00   8.3568e-01  -4.4966e-01
  -1.4804e-01  -5.0351e-01  -3.1525e+00   7.2057e-01  -1.4687e+00
  -4.1649e+00   4.5367e+00  -1.6443e+00  -5.7866e-02  -2.0571e-01
  -1.6824e-01  -2.3822e-01  -2.3624e-02   6.6300e-02  -5.5478e+00
   5.7537e-01  -2.2109e+00   6.2290e+00  -1.7163e+00   2.3159e+00
  -7.3241e-04   3.6204e-01   9.7069e-01  -8.7588e-01   2.9210e+00
  -3.2563e+00   4.4735e+00  -5.0848e+00   7.6615e-01  -7.9495e-01
   2.5337e+00  -3.2658e+00  -3.4503e-01   2.3344e+00   1.6102e+00
  -3.9513e+00   1.3538e+00  -1.1382e-01  -4.6249e-01  -2.5833e+00
  -6.3702e-01   2.8124e-01  -1.5037e-01   3.4372e-01  -3.0988e+00
  -5.7911e-01   1.9635e-01   3.7216e+00   1.1627e+00   4.1740e+00
   1.1014e+00   2.1225e+00   6.5605e+00   1.4105e+00  -5.6693e-01
   7.5105e-01   8.7206e-02   1.8928e+00   3.2171e+00   2.6381e+00
   5.7307e-01   3.8989e-01   1.1875e+00  -4.4288e-01   5.6564e+00
  -9.2510e-01   2.2669e+00   4.0996e+00   3.3232e+00  -2.6093e+00
  -1.4868e+00   3.6568e+00   3.6797e+00   1.6554e+00   5.2179e+00
  -2.1031e-01   7.5710e-01   8.9545e-01   1.9940e+00  -3.3474e+00
  -3.9709e-01  -2.6693e+00  -1.5420e+00  -1.2421e+00  -6.0010e-01
   1.6321e+00  -4.1165e+00  -1.2386e-01  -1.7337e+00   1.7047e+00
   3.6504e+00  -3.1576e+00   4.0223e-01  -1.1465e+00  -2.1421e+00
  -1.9379e+00  -5.1732e-01   4.5942e+00   1.5266e+00  -3.3442e+00
  -1.3022e+00   2.2862e+00   6.7559e-01   2.3985e+00  -5.4668e+00
   3.0126e+00  -1.2188e-01  -9.8878e-01  -3.6154e+00   2.5045e+00
  -2.4633e+00  -3.8269e-01  -8.3295e-01  -2.0557e+00   7.1880e+00
  -2.3853e+00   4.0283e+00   4.2714e+00   5.5015e-01   9.1968e-01
  -1.6955e+00   1.9738e+00  -1.7284e+00   7.2463e-01   6.4356e-01
  -9.9252e-01   2.9042e+00   2.9595e+00   2.0545e+00   4.5799e+00
  -1.5832e+00   3.1871e+00  -4.5918e-01   9.3285e-01  -9.8390e-01
   6.1283e-01  -4.5397e-01  -1.4147e+00   7.5088e-01   3.1137e-02
   2.1348e+00   9.1699e-01   4.2511e+00   4.9227e-01   8.0373e+00
   3.1082e-01  -1.3908e+00   9.5588e-01   1.0440e+00   8.8989e-01
  -5.2147e-01  -4.1459e+00  -5.1786e-01   2.7562e+00  -4.1435e+00
   4.1329e+00  -2.5699e+00   1.0769e-01  -5.8025e-02   4.3652e+00
  -3.2756e+00   4.4573e+00  -5.9808e-01  -2.7094e-01   4.1048e+00
  -6.2256e-01   1.0324e+00  -1.5893e+00  -8.5468e-01  -3.8184e+00
  -2.2370e+00   4.9652e+00   3.1363e+00  -1.4782e+00   7.0615e+00
   4.3874e+00  -3.9677e+00  -1.2241e+00  -6.1709e-01  -3.7043e+00
  -1.2667e+00  -3.4133e+00  -3.9860e+00   1.0115e-01   4.2182e-01
  -5.1716e-01   5.1738e-01  -9.0278e+00  -1.9764e+00  -5.4198e+00
  -7.5905e-01   3.3210e+00   5.0153e+00   2.9488e+00   6.4148e+00
  -8.0763e-01  -4.1988e-01  -2.4014e+00  -1.4951e+00  -3.6343e+00
   2.6913e+00  -4.6243e+00   1.6203e+00   3.3170e-01  -2.5187e+00
   1.4355e+00  -7.0865e-01   3.9407e+00   1.9977e+00   4.3886e+00
  -4.2189e+00   5.3367e+00   3.0365e+00   1.3368e+00   5.1531e+00
  -2.2743e+00   2.6707e+00  -3.0131e-01   1.0534e+00   4.9800e+00
   4.4309e-01   8.9618e-01   1.7214e+00   3.9742e+00   2.2194e+00
   1.0825e-01   2.9367e+00   9.6784e-01   1.4678e+00  -2.7459e+00
  -1.8200e-01   2.3802e+00   3.2092e+00   2.2645e+00   2.0405e+00
  -2.3796e+00   1.1243e+00  -3.1995e+00   1.0102e-01   4.7549e-01
  -6.4894e-02   2.4731e+00  -6.2213e-01  -2.2521e+00  -1.2503e+00
  -3.4963e-01   1.2905e+00   3.1343e-01   1.0522e+00   1.5278e+00
  -1.2099e+00   1.4927e-01   6.0177e-01  -1.4247e+00  -2.0901e+00
   1.8679e+00   1.0449e+00   2.3700e+00   6.6822e-01  -2.8944e+00
  -3.7061e-01  -1.9248e-01   9.5024e-01   3.4270e+00  -4.6214e+00
   2.4851e+00   1.0351e+00   6.8802e-01  -6.3114e-01   4.4964e+00
   3.7501e-02  -1.3017e+00   2.0090e+00   7.8720e-01  -9.2168e-01
  -6.0847e-01   1.3679e+00  -2.9289e+00  -9.4240e-01   5.5173e+00
  -3.9283e+00   4.6012e+00   2.0941e+00   1.8336e+00   1.2445e+01
  -6.1246e-01   1.7501e+00   3.4415e+00  -1.2064e+00   7.8814e+00
   1.5700e+00   1.2533e+00   1.4446e+00  -3.7330e+00  -1.9361e+00
  -1.0833e+00   2.7166e+00  -3.5233e+00  -1.9581e+00   2.1296e+00
   1.8397e+00   1.4706e+00   1.4525e+00  -2.1267e+00  -2.8676e+00
  -2.2175e+00   4.7883e+00  -1.8592e+00  -1.7477e+00   2.9538e+00
   2.5309e+00  -1.6226e+00  -3.3490e-02   2.7786e-01  -2.0996e+00
  -3.4237e+00   5.6564e+00  -3.5552e-01  -3.9354e-01   7.1094e-01
  -8.3446e-01   3.0470e+00  -1.9075e+00  -2.9402e+00   1.5347e+00
   1.1062e+00  -1.7282e+00  -4.6685e-01  -4.4146e-01  -4.2489e+00
  -2.6480e-01   1.0539e+00   5.3496e+00   3.9653e+00   6.3620e+00
  -2.2179e+00   5.4631e+00   2.4506e+00   1.4162e+00  -2.4170e+00
  -9.1389e-01   3.5078e-01  -4.8508e+00   4.1884e-01   1.8073e+00
   1.3564e+00  -5.1504e+00  -1.7182e+00   6.8239e-01  -7.2855e+00
   1.1547e+00   2.5267e+00   3.9983e+00  -9.2341e-01   4.0025e+00
  -8.5840e-01   1.7853e+00   1.3491e+00   3.4839e+00  -2.7091e+00
   5.9591e+00  -6.0450e+00  -3.3702e-01   6.8677e-01   4.1470e+00
  -1.3160e+00   2.1888e+00  -1.1726e+00   2.4048e+00   1.6786e+00
  -1.6310e+00   1.0077e+00  -8.4708e-01  -3.6393e-01   4.3497e+00
  -3.1768e+00   1.1615e+00   3.9993e+00   1.1174e+00   4.2021e-01
   6.3148e-01  -6.3812e-01  -3.8334e+00  -1.6923e-01  -3.1006e+00
  -1.5218e+00   1.4781e+00   4.7060e-01   4.0057e+00  -5.4634e-01
  -2.0702e+00   1.5043e-01  -4.9148e-01  -1.2178e+00  -1.7042e+00
  -2.1733e+00   2.3150e+00  -1.5974e+00  -3.1742e+00   2.0664e+00
  -5.1868e-02   7.7543e-01   2.2272e+00  -2.7029e-01   4.9704e+00
  -1.4759e-02   2.2037e+00   1.8937e+00   6.9269e-01  -9.8418e-01
  -2.8086e-01   3.3175e-01   5.7994e-01   3.2869e-01  -7.0415e+00
  -9.2729e-02   1.6317e+00  -3.1759e+00  -3.5233e+00  -1.1596e+00
  -9.5003e-01   9.8034e-01  -6.9654e+00  -5.1378e-01  -5.3179e+00
  -1.6032e+00   1.1149e+00  -1.3215e+00   1.9100e+00  -2.7929e+00
   5.7492e+00  -6.0850e+00  -8.4053e-01   8.2612e-01  -1.9680e+00
   1.2384e+00   2.0736e+00  -3.3829e+00  -6.8762e-01  -1.3697e+00
   1.4141e+00  -2.0915e+00  -2.8196e+00  -9.6136e-01   9.7435e-01
  -1.7959e+00   3.9475e+00   2.5842e+00   2.1593e+00  -2.6104e+00
  -2.3570e+00   2.2755e+00  -9.7836e-01   2.2826e+00  -3.7688e+00
   1.6663e+00  -1.0344e+00  -1.2311e+00  -4.1857e+00   2.2400e+00
  -3.8865e+00   4.7081e+00  -4.3698e+00  -2.4618e+00   4.0680e+00
   1.5281e-01  -8.1389e-01  -6.0480e-01  -1.2662e+00  -4.3224e+00
  -2.8840e+00   3.7914e+00  -3.4985e+00  -3.3161e+00   1.0103e+00
   2.2930e+00  -2.7030e+00   3.9409e+00   4.1300e+00  -1.5133e+01
  -4.4685e-01   1.2305e+00  -4.9478e-01   1.6177e+00  -4.2415e+00
  -2.3944e+00   7.8860e-01  -1.6562e+00   3.3075e-02   1.1731e+00
   1.9154e+00   4.1431e-01   3.0749e+00  -1.9518e+00   2.6169e+00
   3.7685e+00  -5.8746e+00   2.1039e+00   1.6223e-01  -4.5104e+00
  -2.4933e+00   1.2679e+00  -3.0433e+00  -2.6349e+00   3.1450e+00
  -2.2119e+00   4.3293e+00  -3.9187e-01   1.2855e+00  -2.5214e+00
  -1.6432e+00   4.5936e+00  -2.8914e+00   1.2735e+00  -4.8546e+00
  -2.1429e+00   6.0185e+00  -7.1290e-01  -9.3625e-01  -8.2720e-01
   5.1989e-01  -1.9087e+00  -3.6047e+00   1.0525e-01  -4.3466e+00
  -4.3286e+00   4.8010e+00  -1.3586e+00  -1.4218e+00   7.1144e+00
  -5.8541e-01   2.9825e-01  -3.6711e+00  -3.6447e-02  -6.8989e-01
  -8.3741e-01  -6.4344e-01  -5.3228e+00  -2.3948e+00  -6.0141e+00
   5.9558e-01  -2.1414e-01  -2.1913e+00  -1.8991e-01   1.9544e+00
   2.2627e+00   3.5286e-01   1.4505e-01  -1.5265e-01   4.8881e+00
  -1.9590e-01   1.3684e+00   5.2088e+00  -1.2025e+00   7.0102e+00
   1.3994e+00  -1.1753e-02   1.9202e+00  -5.5601e-01   3.7965e-01
   2.4591e+00  -5.5122e+00  -6.6405e-01   2.4753e+00  -3.0297e+00
  -8.6923e-01  -6.5588e-01   2.3577e+00   1.7617e+00   5.7220e+00
   1.4796e+00  -1.8870e+00   3.0404e+00  -1.3838e+00   2.5910e-01
   4.6570e-01  -1.2141e+00  -1.8596e+00  -8.2441e-01   2.0200e+00
   3.6765e+00  -4.0471e+00   4.8529e+00   3.4032e+00   9.5001e-01
   8.4717e-01  -1.7657e-01  -7.3161e+00  -2.2250e+00  -1.8696e+00
  -1.8222e-01   6.5032e-01   2.2636e+00   4.2689e+00   2.4744e+00
  -5.2289e-01   1.3253e+00  -2.1317e+00   3.4269e+00  -2.1610e+00
   3.8933e+00  -2.3511e+00   2.0656e+00   1.7611e+00   1.1876e+00
  -1.7658e+00  -1.6769e+00  -1.5077e-01   6.8147e-01   1.6954e-01
   2.3620e+00  -2.4271e+00   3.7667e+00   2.7849e+00   3.4373e+00
   2.0116e+00  -7.0784e-01   3.1839e+00  -2.0250e-01  -2.9203e+00
  -4.2133e+00   3.3210e+00  -4.7274e+00  -2.6938e-01   2.7119e+00
  -1.6391e+00  -6.2182e-01  -1.5424e+00   2.5980e+00  -5.1719e+00
   3.1298e+00  -2.9469e+00   2.0482e+00   4.3154e+00   1.8387e+00
  -1.7290e-01  -6.0911e-01  -4.2097e+00  -4.8731e-01  -3.5050e+00
   2.8809e+00  -3.8636e+00  -1.8884e-01   1.9532e+00  -6.5468e-01
  -9.4737e-02   2.4158e+00  -4.7671e+00  -2.2341e+00  -1.0739e+00
   4.5820e+00  -4.2546e+00   2.4839e+00   4.2704e-01  -1.0308e+00
  -1.2806e+00   1.1315e+00  -2.3502e-01   2.9136e+00  -3.3256e+00
   2.0240e+00  -2.4017e+00  -2.2386e-01   7.5357e-01  -3.7549e+00
  -1.2023e+00  -9.7907e-01  -2.1092e+00   3.2058e+00  -4.8163e-01
   1.3593e+00   1.6201e+00   2.2661e+00  -5.9224e-01   1.6087e+00
  -2.9485e+00   3.4364e+00   3.2624e+00   1.1129e+00   6.3812e+00
  -5.3721e-01   1.6874e+00   3.3484e+00   1.4800e+00  -5.2950e-01
  -1.0788e+00   1.2272e+00  -8.7603e+00  -8.4576e-01  -5.3260e+00
  -1.5969e-01   2.0578e+00  -3.6631e+00   2.3505e-01  -8.3885e-01
  -4.4262e+00   2.2143e+00   3.4949e-01   1.9974e+00   8.9275e-01
  -2.6621e+00   3.9504e+00  -1.3610e+00  -3.2399e-01   2.9010e+00
   5.1925e-01   9.4568e-02  -1.9958e+00  -1.5581e+00   1.5261e+00
   3.0481e+00  -3.0607e+00  -1.9253e+00  -1.4353e+00  -3.3943e+00
   6.2797e-01   1.5411e+00   1.0470e+00  -3.9865e-01   3.1953e+00
  -3.3177e+00   2.2796e+00  -1.3988e+00   1.2166e-01   4.5187e-01
  -9.7170e-01  -1.7435e+00  -4.0442e+00   9.6070e-01  -3.5762e+00
   3.4197e+00  -3.6786e+00  -1.4866e+00   1.4573e+00   1.3039e+00
   7.2355e-01  -1.3638e+00  -5.0023e+00  -2.9311e+00  -2.0505e+00
   5.4417e+00  -3.8378e+00   1.5737e+00  -1.1688e+00  -3.1976e+00
   2.4765e+00  -2.4164e+00  -1.0252e+00  -3.8729e+00  -1.1963e+00
  -2.8441e+00   2.9605e+00  -3.3381e+00  -1.6064e+00   1.5774e+00
   6.1048e+00  -4.9234e+00   1.0047e+00  -2.9317e+00  -1.3460e+00
   1.8664e+00  -3.8449e+00   2.7542e+00   5.7050e-01  -1.6193e+00
  -5.8097e-01   1.0126e-01  -2.1255e+00  -1.9425e+00   9.2856e+00
   4.3905e+00  -5.4134e+00   1.0694e+00   8.4434e-01   1.8297e+00
   4.2913e-02   9.8004e-02   3.5786e+00   2.0154e+00  -6.3521e-01
  -1.2490e+00  -1.0196e+00   1.3536e+00  -3.8667e-01   2.5589e+00
   3.4048e+00  -3.8780e+00   2.4196e+00   1.7287e+00  -2.1412e+00
  -5.0803e-01   1.9103e+00   1.0800e+00  -1.4343e+00   2.3841e+00
   2.7148e+00  -1.7894e+00   2.9477e+00  -2.1243e+00  -2.3921e+00
  -5.2376e-01   3.9651e+00  -3.4138e+00   3.1820e-01  -8.1557e-01
  -7.0104e-01   9.7739e-01   2.1730e+00   8.9371e-01   2.8699e+00
  -2.4742e+00   7.9585e+00   5.6996e+00   2.0155e+00   2.2842e+00
   2.4548e+00  -1.5475e+00   1.5910e+00  -4.7516e-01   1.0430e+00
  -2.5470e+00   3.4427e+00   1.7857e+00  -1.9887e+00   4.7598e+00
   6.3340e-01  -1.2948e-01  -8.9902e-01  -1.9298e+00  -1.8824e+00
   3.4493e-01   5.8102e-01  -3.3464e-01   7.8563e-01  -5.0735e+00
   1.3689e-01  -1.1757e+00  -3.5307e+00  -2.9764e+00  -2.1889e+00
   7.4440e-01  -1.4211e+00   2.6454e-01   4.4806e-01   2.2295e-01
   9.4737e-01  -5.0098e-01   3.5478e+00  -3.7322e-01  -2.2449e-01
   1.8183e+00  -1.4418e+00   1.0612e+00   6.4363e-01  -4.1556e+00
   4.4545e+00  -3.7411e+00   2.8975e+00  -5.7884e-01   3.8685e+00
  -5.6469e-01   1.5041e+00   5.8456e+00   3.3257e+00   4.4779e+00
  -8.9837e-01   2.0450e+00  -2.5508e+00  -8.5900e-01  -2.4299e+00
   1.8349e+00  -3.9828e+00  -1.2233e+00  -1.1888e+00   6.0154e+00
   7.4567e-01  -1.3429e-01   5.4726e+00   2.0314e+00   2.8235e+00
  -2.9396e-01   3.3280e+00   3.1928e+00  -3.8880e-01   4.3010e+00
  -3.5130e-01   1.6398e+00   4.3027e-01   1.0503e+00   1.8385e+00
  -1.3785e+00  -1.4271e+00  -4.4043e+00  -3.5947e-01  -2.3899e+00
  -4.1617e-01   2.7225e+00  -1.7621e-01  -2.2769e+00   3.3911e+00
  -1.2974e+00   9.6052e-02  -2.2219e+00  -2.5244e+00  -6.1800e+00
  -4.3425e+00   2.9395e+00  -4.7368e+00  -9.1272e-01  -2.7719e+00
   6.8035e-01  -2.2689e+00  -4.6076e+00  -3.1528e-01  -1.3127e+00
   2.1312e-01  -1.5840e+00  -1.6963e+00   2.9727e+00   2.7858e-03
  -9.4519e-01   1.1496e+00   2.8198e+00  -8.1852e-01   3.5264e+00
   1.8210e-01  -2.2439e+00   1.0430e+00   1.5798e+00   7.5198e+00
  -1.1714e+00   1.2320e+00  -2.1197e+00   2.2027e+00  -3.5582e+00
   1.5999e+00   8.0331e-01  -6.2158e-01   2.1871e+00  -6.6003e-01
   7.1446e-01  -2.5395e-01   7.9289e-01  -7.1398e-01   2.5294e-01
  -2.6237e+00   2.2294e+00   5.2570e+00   4.4411e-01   1.7451e+00
  -2.1812e+00   4.4228e+00   3.9724e+00   1.8152e+00   6.4811e+00
   1.7652e+00   8.1545e-01  -1.0816e+00  -1.2175e+00   2.7533e+00
   3.3353e+00  -3.4989e+00   2.0661e+00   2.0956e+00  -9.7901e-01
  -1.3882e+00  -2.1152e+00   2.5224e+00   3.5789e+00  -5.4083e+00
  -4.0792e+00   1.5227e+00  -1.2075e+00   6.6906e-01  -2.3144e+00
   1.8560e+00  -7.4849e-01   6.2308e+00   2.1415e+00  -6.4618e+00
   1.7638e+00  -3.5235e+00  -6.6844e+00  -1.5263e+00  -5.4953e+00
   2.3063e+00  -2.7513e+00   3.1806e+00   9.7237e-02  -2.9240e-01
  -2.5181e+00   3.4545e+00   2.2418e+00  -1.0467e+00  -1.5848e+00
  -3.5631e+00   4.4690e+00   1.0058e+00   2.0607e+00   4.4132e+00
  -1.5709e+00  -1.0814e+00  -2.7179e+00  -1.0025e+00   4.6064e-01
  -2.0968e-01   1.6481e-01   5.5405e-01  -6.7186e-01   1.9396e+00
  -1.1663e+00   2.2506e+00  -3.4021e-01  -1.1732e+00  -3.0334e+00
   3.9623e+00  -7.5916e+00   3.5008e+00  -3.9221e-02  -7.2373e+00
  -4.3014e-01  -7.5648e-01   2.0722e+00   2.8871e+00  -6.1915e+00
   1.4350e+00  -1.2494e+00   1.8477e+00  -1.6982e+00   3.8946e+00
   2.5066e+00  -1.0898e+00   3.1033e+00   4.0575e+00  -3.4095e+00
   1.3903e+00  -2.5770e+00   5.9605e-01  -6.9043e-01   3.8393e+00
  -2.1285e-01  -6.8684e-01   5.4495e-01  -2.4842e+00  -2.7379e+00
   1.7405e+00  -6.2801e+00  -4.6932e+00  -1.4969e+00  -2.5825e+00
   1.8228e+00  -1.7318e+00   3.7118e+00   5.3773e+00   1.4350e+00
   1.0366e+00  -2.2680e+00   2.2920e+00   5.9943e+00  -8.1846e-01
   3.1334e+00  -4.8294e+00   4.2816e+00   9.3766e-01   5.3102e+00
   9.7283e-01   1.8171e+00   6.0077e+00  -1.4500e+00   5.2022e+00
  -1.5499e+00   4.0767e+00   1.8237e+00   6.9199e-02   4.3319e+00
   7.2533e-01  -2.0903e+00  -4.1305e+00   2.3673e+00  -2.5293e+00
  -2.6500e+00   5.0246e+00  -1.0799e+00   2.0210e+00  -1.8267e-01
   1.1156e+00   1.5505e+00   4.5258e+00   1.0006e+00  -2.4466e+00
   8.8423e-01  -1.7490e+00   8.9559e-01   1.2524e+00  -1.7311e+00
   7.1776e-01  -7.6089e-01  -1.0401e+00   1.4828e+00   4.1381e+00
  -2.9588e-01   6.5674e-01   4.6939e+00   4.5199e+00  -2.1075e+00
   1.5523e+00  -1.0419e-01   4.6905e+00  -1.1728e+00   2.7282e+00
  -1.6038e+00   6.0704e-01   7.9337e-01   1.0153e+00  -3.0917e+00
   9.0328e-01  -1.2354e+00  -2.3985e+00   6.4802e-01  -1.8147e+00
  -1.5298e+00   1.5062e+00   2.6657e+00   4.9916e-01   5.5151e+00
   5.8412e-01  -1.7453e+00   4.4876e+00   3.4112e+00   2.3461e+00
   1.4093e+00  -1.0023e+00   3.1175e+00   1.7884e+00   1.2717e+00
  -2.7673e+00   4.4103e+00   2.5946e+00  -2.0071e-01  -4.1820e+00
   2.3105e+00  -3.2546e+00  -2.0040e+00   1.9711e-01  -4.2142e-01
  -1.2717e+00   1.5777e+00   2.7619e+00   2.2125e+00   5.2351e+00
  -7.7384e-01   9.2432e-01   4.6367e+00  -2.0857e+00  -5.1163e+00
  -2.9045e+00   4.1153e+00  -3.5660e+00  -2.6682e+00   2.5063e+00
  -2.7712e-01  -9.4471e-02   2.0402e+00  -7.0212e-01   1.0183e+01
   2.7470e+00  -1.3260e+00   2.5195e+00  -4.8549e+00  -3.9093e+00
   1.2659e+00  -1.5877e-01   4.1177e-01  -5.5391e-01   6.0826e+00
  -1.1231e+00   4.1646e-01  -2.7481e+00  -2.0180e+00  -6.2287e+00
   1.8180e-01  -1.1108e+00  -2.0471e+00   1.3237e-01  -9.6130e+00
  -8.3571e-01  -1.7474e+00   1.0960e+00   2.5320e+00   5.9396e-01
  -1.3032e+00   2.1834e+00  -1.8491e+00  -1.3028e+00  -2.0338e+00
  -4.0084e-01   5.8493e-02   2.7888e+00   1.3447e+00  -3.9150e-01
   1.0663e+00  -1.8048e+00  -1.0061e+00   2.4684e-01  -6.4360e+00
  -4.3998e-02   3.7623e+00   6.4215e-01   1.9245e+00   1.4118e-01
  -4.5731e+00   3.8104e+00  -3.9547e+00  -1.8227e+00   4.9425e+00
  -2.5146e+00   1.5557e+00   1.4520e+00   1.1007e+00  -4.9025e-02
   9.6580e-01  -4.0549e+00  -2.4711e+00   4.8688e-01  -3.2340e+00
   7.1655e-02   8.2845e-01   4.4682e+00  -4.2177e-01   3.3735e+00
   7.8908e-01  -1.6789e+00  -3.2177e+00   1.1261e+00  -6.5232e+00
  -1.3044e+00   5.4914e-01  -1.6652e+00  -2.9792e+00  -2.8580e+00
   2.0374e+00  -3.5292e+00   1.6785e+00   4.1066e+00   7.5324e-01
  -1.4698e+00   3.9585e-01   2.7279e+00  -1.8309e-01   1.0107e+01
  -2.5866e+00   4.0411e+00   7.5815e-01   1.9725e+00  -3.2501e+00
   1.1678e+00  -3.1963e+00  -2.9246e+00  -6.6068e-01  -4.2080e+00
   7.1077e-01  -1.7497e+00  -3.1164e+00   1.8678e+00   1.8176e+00
   3.2367e+00  -1.6528e+00   4.1680e+00   9.5800e-01   1.8878e+00
  -8.3484e-01  -9.9973e-01   1.5567e+00  -1.7143e-01   7.7380e+00
   3.0705e-01  -3.2379e-01  -5.1682e+00  -1.1506e+00   4.9622e-01
   7.2361e-01  -4.1688e-01   1.1577e+00   1.0385e+00   4.7160e-01
   6.3989e-01   1.4465e-01   1.0209e+00   7.0625e-02  -2.0583e+00
   4.1006e+00  -3.9377e+00  -1.1596e-01  -9.6221e-01   6.7209e+00
  -5.9839e-01  -8.9023e-01   1.3057e+00   1.0757e+00   1.4504e-01
  -6.2206e-01   3.4510e-01  -2.9963e+00   2.1475e-01   2.6272e+00
   2.6075e+00   4.2306e-01   3.3586e+00  -2.7673e+00   8.7169e+00
   1.0279e+00  -6.7757e-01   2.1258e+00   2.6020e-01   3.4630e+00
  -1.9235e+00   2.5669e+00   1.3112e-01  -6.2173e-01   1.7995e+00
   1.5367e+00  -1.8200e+00  -2.3199e+00  -5.9329e-01   7.3648e-01
  -2.3037e+00  -3.5813e-01  -5.0644e+00  -2.4662e+00  -1.7491e+00
   1.3830e-01  -1.0068e+00  -4.5475e+00  -2.7299e+00  -9.6383e-01
  -1.4556e+00   2.2015e+00   2.7990e+00   4.5142e-01   7.3846e-02
  -6.9326e-01   3.4105e-01   8.6814e-01  -5.3364e-01   4.3354e+00
   2.9620e+00  -3.2475e+00  -1.1976e+00  -7.9688e-01  -3.4267e+00
   1.3108e+00   2.0924e-01  -4.5550e-01  -9.6309e-01  -4.3986e+00
  -1.4892e+00   3.2443e+00   1.7699e+00   1.2406e+00   8.4128e+00
  -9.0278e-01  -6.5333e-01  -3.6900e+00  -8.3823e-01  -4.3816e+00
  -2.6940e+00   4.7482e-01  -4.3081e+00  -5.8994e-01  -1.3844e+00
   3.8713e+00  -2.6690e+00   1.5030e+00  -4.0828e-01   3.7303e+00
   2.4728e+00  -4.0213e+00  -4.6773e+00  -3.5350e+00  -7.0192e+00
  -2.0753e+00   1.3808e+00  -1.8733e-01   8.2696e-01  -1.4120e+00
  -1.6967e+00   1.8807e+00  -2.6456e+00   6.2738e-01  -6.3386e+00
   1.2391e+00   1.4977e+00   3.9804e+00  -1.0392e+00   3.7550e+00
  -1.7879e+00   1.0582e+00  -6.0944e-01   1.7449e+00   2.9125e+00
   4.3729e-01  -5.3455e-02  -1.1119e+00   1.2720e+00  -1.3089e+00
  -1.1859e+00   3.8634e-01  -3.0881e+00  -1.6053e+00  -6.6711e-01
  -1.0478e+00   3.5425e+00  -3.0774e-02   5.4498e-01   2.1259e-01
   3.3063e+00  -3.4007e+00   1.9644e+00   3.3719e+00  -9.3814e+00
  -1.0449e+00   4.7246e-01   5.6064e+00   4.5174e+00  -2.9767e-01
   5.9091e-01  -5.2204e-01  -2.5456e+00  -2.8932e+00   1.8138e+00
   6.2572e-01   1.7709e+00  -4.4336e-01   2.1159e+00  -2.8980e-01
  -2.2299e+00   1.1358e+00  -3.7129e+00   8.0688e-01  -4.7449e+00
  -2.5095e-01   3.4271e-01   8.5494e-01   2.7666e-01   4.0039e+00
   2.3450e-01  -3.3638e+00  -4.0004e+00   2.3637e+00  -3.8416e+00
   1.6487e+00  -4.8142e+00   2.2356e+00   3.6793e+00   3.7845e-01
  -2.6881e-01  -2.7806e-01   3.8403e+00   4.2388e-01   6.8005e+00
  -1.0446e+00   4.3510e-01  -5.4168e-01  -2.3604e+00  -9.0187e-01
  -2.3431e+00   1.9104e-02  -5.5539e+00  -4.0371e+00   5.3199e+00
   4.3264e-01  -9.2877e-01   3.2669e+00   4.1718e-01   2.9805e+00
  -1.1523e+00  -6.6581e-01  -1.3210e+00   2.8365e+00  -1.0048e+01
   1.4025e+00  -1.3854e+00  -1.2602e+00  -9.2301e-01  -7.6106e+00
   8.8914e-01  -1.6681e+00  -2.4643e+00  -1.4184e+00   2.9427e+00
  -3.4115e-01  -4.7394e-01   3.5167e+00   3.8542e+00  -4.0238e-01
  -1.2438e+00   1.4815e+00  -4.8164e+00   1.6137e+00  -2.0134e+00
   1.2242e+00  -6.4752e-01  -1.2496e-01  -4.8025e-01  -1.1690e-01
   2.5241e+00  -1.4801e+00   1.6741e-01   6.0700e-01  -3.8648e+00
  -6.9023e-01   2.9274e+00  -8.8482e-02  -4.1200e-01  -3.0964e+00
   2.7492e+00  -1.9403e+00  -8.1778e-01  -1.1241e+00  -6.2811e+00
   1.4074e-01  -4.8856e-01  -4.2415e+00  -1.0851e+00  -3.6143e+00
   2.0818e+00  -2.7829e+00  -3.7721e+00   1.1404e+00  -6.3397e+00
  -1.1984e+00   5.7072e-01  -3.8289e-01   3.7378e+00  -1.2301e+00
  -1.0210e+00   1.9993e+00   2.9597e+00   3.4927e+00  -7.2987e-01
  -1.1391e+00   5.5426e-02  -7.1036e-01   2.2184e+00  -3.1531e+00
   2.4227e-01   1.6035e-01  -1.8455e+00  -1.4837e+00   2.0174e+00
  -1.9568e+00  -2.4233e+00  -4.6658e-01  -5.4153e-02  -9.4033e-01
   4.0036e-01  -2.2507e+00   1.2227e+00  -1.0261e+00   3.8907e+00
   1.2575e+00   2.3912e+00   7.1003e-01  -2.1489e-01  -2.9806e+00
  -2.7770e+00   2.1223e+00  -5.8690e+00  -3.0167e+00   3.4131e+00
   1.3252e+00  -3.1070e-02   4.3042e+00   2.5783e+00  -3.2196e+00
  -4.0005e+00   3.7955e+00  -6.5025e+00  -4.3196e+00  -4.4053e+00
   2.8502e+00  -1.2346e+00   5.7821e+00   1.4172e-01   1.3472e+00
  -2.0818e+00   1.0119e+00   1.5837e+00   2.7161e+00   4.1600e+00
   3.0793e+00  -4.2018e+00   3.1906e+00   9.7226e-01  -3.0370e+00
  -2.3130e+00   1.6029e+00  -2.2494e+00  -1.3417e+00   5.0272e+00
  -1.2126e+00  -5.9987e-01  -6.7253e-01   1.6579e+00  -8.6918e-01
   2.4684e-01   2.9268e+00   5.8754e-01  -2.8581e-02   6.5683e-01
  -3.0545e+00   3.0708e+00  -3.7270e+00   3.2641e-01  -3.4835e+00
   1.5953e-01   2.3795e+00   2.1313e+00   1.0103e+00  -7.9774e-01
   4.1718e+00  -4.7114e+00   3.5563e+00   1.3408e+00   2.0268e+00
   3.1747e-01  -6.9461e-01   1.9850e+00   1.2350e+00  -9.4664e-01
   1.8038e+00  -1.6508e+00   2.8687e+00   1.1599e+00  -1.9099e+00
   9.9647e-01  -1.7790e+00   1.0778e+00  -2.0285e+00   3.2145e+00
  -3.9919e+00   1.6547e+00  -1.7554e+00   1.1402e+00  -1.9754e+00
  -2.8770e-01  -1.4562e+00  -2.3461e+00  -2.9297e+00   9.7248e+00
  -2.4402e+00   4.2869e+00  -1.5606e+00  -1.0545e+00   3.6844e+00
   5.8696e+00  -1.8226e+00   9.5117e+00   1.5551e+00   3.1080e+00
  -5.5173e-01  -2.2635e+00   3.8242e+00   4.0439e+00  -4.6392e-01
   3.7442e+00  -2.4117e+00   1.4308e+00   2.4460e+00  -2.0153e+00
   1.0248e-01  -1.4481e+00   4.8711e-01   8.1492e-01  -2.5997e+00
   4.0474e-01  -5.5271e-01   6.4325e-01   1.0571e+00   1.2688e+00
   3.2707e+00  -2.9053e+00   4.0543e+00   1.1936e+00   2.5846e+00
   3.0561e+00  -4.5477e+00  -1.5756e-01   1.2473e+00  -6.0267e+00
   4.1032e-01   2.0260e+00  -5.5677e-01  -1.0495e+00   2.8455e+00
   3.8539e-01   1.6918e+00   2.3752e+00  -7.2540e-01  -3.8821e+00
   4.6490e+00  -2.0316e+00   1.1752e+00  -2.9054e+00   1.7112e+00
   1.7672e+00  -3.2126e+00   9.4620e-01  -4.5918e-01  -7.7388e+00
   2.7075e-01  -1.6762e+00  -3.4834e+00  -1.3385e+00   2.6545e-01
  -9.6065e-01   1.2641e+00  -6.6134e-01  -9.5904e-01  -4.1706e+00
  -6.8481e-01   1.8539e+00   8.1838e-01  -1.0842e+00   5.3548e+00
   3.0233e+00  -6.6309e+00   6.7453e+00   2.0859e+00   4.6970e+00
  -1.1881e+00   2.6819e+00  -1.3837e+00   5.9161e-01   1.4673e-01
  -9.4602e-01   2.2941e+00   9.1269e-01   2.6138e+00  -3.5848e+00
  -2.4122e+00   2.6785e+00  -7.5881e-01   5.2394e-01   5.7314e+00
   3.1326e+00  -4.2211e+00  -1.4797e+00   4.4280e-02  -7.2014e+00
  -1.7899e+00   9.6476e-01  -3.8837e-01   1.4989e+00   4.1641e+00
  -2.6001e-01   3.8398e-01   1.0397e+00   3.6913e+00  -1.0520e+01
  -3.1910e+00   5.5796e+00   6.7231e-02  -3.0375e-01   4.6776e+00
  -7.4175e-01   1.3699e+00   4.7735e-01  -2.0191e+00  -5.2886e+00
   1.9842e+00  -1.0905e+00   3.5384e+00   2.7070e+00  -2.3220e+00
  -2.1805e+00  -2.1780e-02   1.1466e+00  -4.0582e+00  -3.0739e+00
  -2.3611e+00   2.0754e+00   1.6275e+00  -6.6861e-01  -8.5685e-01
  -4.2159e-01   3.4581e-01   1.6563e+00   5.9295e-01   4.1389e+00
  -9.7207e-01  -2.1539e-01   5.9863e+00   5.7637e-01   6.0489e+00
   3.8702e+00  -4.8150e+00   1.5717e+00  -3.4706e-01   2.9494e+00
   2.6344e+00  -3.8861e+00  -4.9041e+00  -1.7684e+00  -1.1005e+01
   7.8824e-02  -2.1718e+00   1.7999e+00  -1.6140e+00   1.2046e+00
   1.3583e+00  -3.2763e+00   5.3582e+00   8.9098e-01  -1.9356e+00
   8.9889e-02  -1.6872e+00  -5.9395e-01  -3.5783e-01  -4.0783e+00
  -2.2989e-01   2.8826e+00  -1.8474e+00  -5.8621e-01   5.5043e+00
  -1.4442e+00   1.1089e+00   8.2100e-01  -1.1941e+00   7.3649e+00
   2.1400e+00  -5.9713e-01   5.7751e+00   1.7863e+00   2.1978e+00
  -1.0253e+00  -2.7559e+00  -2.1387e+00  -3.2104e-01  -5.8017e+00
   3.8447e-01  -8.5156e-02  -9.4570e-01  -1.9504e+00  -1.4703e+00
   2.2594e-01   1.4709e+00   1.5789e+00   4.9637e-01  -3.8843e+00
  -4.4149e-01   7.1018e-03   1.6115e+00   3.0663e+00   6.5318e+00
  -1.4232e+00  -1.0310e+00  -3.3465e+00   1.9686e-01   9.8203e-01
  -1.8476e+00   4.1039e+00  -6.5179e+00  -2.4426e+00  -9.6757e+00
  -1.8806e+00   1.7709e+00  -2.9445e+00  -8.5697e-01  -4.0008e+00
   9.5471e-01  -3.5481e+00  -1.5666e+00  -2.9128e-01   3.9105e+00
  -7.2167e-01   2.4570e-01  -1.3718e+00   5.0224e-01  -1.6101e+00
  -1.8509e+00   1.3531e+00   3.3203e+00   2.7557e+00   4.1521e+00
   2.3903e+00  -1.5967e+00   5.6136e+00  -8.0017e-01  -2.1999e-01
  -3.8214e+00   3.4999e+00  -6.4155e+00   4.9937e-01  -4.3215e+00
  -1.3762e+00   5.9684e-01  -1.4958e+00   1.5645e+00  -4.4869e+00
   3.4207e+00  -3.2549e+00  -1.1218e-01  -3.5203e+00   1.5647e-01
   3.1446e+00   8.1902e-02   1.1095e-01  -1.5379e+00  -4.1638e+00
   4.5434e+00  -1.4701e+00   2.1613e+00  -2.9375e-01   5.8291e+00
  -1.6546e+00   4.2509e-01   7.4683e+00   3.7858e+00  -1.3753e+00
  -2.7197e+00   1.2009e+00  -2.1158e-01  -8.6905e-01  -1.3678e+00
   3.9004e+00  -4.8439e+00   4.4519e+00   1.7566e+00   6.3409e-01
   2.5280e-02   4.2772e+00   3.4584e+00   1.9439e+00   2.5707e+00
   2.6176e+00  -2.4356e+00   2.8575e+00   2.7076e-01   4.0553e+00
  -2.4645e+00   1.3948e+00  -2.5663e+00   1.8957e+00   6.2836e+00
  -1.3828e-01  -4.7446e-01   1.2611e+00   1.6124e+00   1.5667e+00
  -3.3269e+00   3.5979e+00  -1.2041e+00  -3.8241e-01   2.8536e+00
   2.8672e+00  -2.5783e+00   6.1240e+00   2.1339e+00  -2.4709e+00
  -1.0947e+00   2.4167e+00  -2.1589e+00  -3.1057e+00   5.6858e+00
  -7.3334e-01  -9.7338e-01   4.4746e+00   3.0007e-01   1.6869e+00
  -9.2041e-01  -2.5409e+00  -3.5103e+00  -1.5456e+00  -1.1203e+00
   1.2703e+00  -5.8781e-02  -8.3421e-01   6.7120e-01  -4.9184e+00
  -1.2816e+00   1.4406e+00  -5.4390e-01   5.3041e-01   1.8532e+00
  -3.2774e+00   2.4734e+00  -7.5730e+00  -2.6593e-01   5.6339e-02
  -5.3349e-02  -5.1780e-01   1.3595e-01  -1.0809e-01   1.5023e+00
  -2.5307e+00   2.7768e-01  -3.2771e+00   5.2779e-01  -8.9942e-01
   1.9619e+00  -3.1956e+00  -2.8467e-01   7.1504e-01  -3.7247e+00
   8.4355e-01   1.0528e+00  -1.8000e+00   9.5314e-01   2.7665e-01
   4.7279e+00  -3.9719e+00   1.4209e+00   2.0962e+00   1.8648e+00
   2.4529e+00  -3.8205e+00  -3.3017e+00  -3.6144e+00   2.8514e+00
   3.0024e+00  -3.7521e+00   1.3842e-01  -3.0209e+00   4.4515e+00
  -9.6891e-02   3.2046e-01   6.7217e-01  -1.2956e+00  -2.4579e+00
   1.0270e+00  -1.3357e-01   4.5564e+00   2.2042e+00  -2.4399e+00
  -8.1338e-01   1.2637e+00  -1.7728e+00   5.8107e-01   7.7228e-01
   1.1339e+00  -2.8320e+00  -5.6725e-01  -1.0131e+00   2.5940e+00
   1.9463e+00  -1.8474e+00   2.5234e+00   4.1234e-01  -7.0578e+00
  -1.8359e+00   9.7664e-01  -3.5193e-01   2.1932e+00  -2.9983e+00
  -1.0606e+00   1.3461e+00  -3.3807e+00  -1.8488e+00  -4.1004e+00
  -3.9011e-01   2.1797e+00   4.2019e+00   1.8387e+00  -3.3513e+00
  -1.2288e+00  -5.6741e-01  -7.5994e+00   7.7503e-01  -4.0234e+00
  -9.0867e-03   6.7453e-01   1.2423e+00  -4.4035e-01   6.9675e-01
  -1.8734e+00   1.4720e+00  -1.2489e+00   6.5300e-01  -5.3069e+00
  -5.2812e+00   5.3483e+00  -7.7645e-01  -1.4792e+00  -1.1575e+00
  -7.8732e-01  -5.4348e-01  -6.8002e-02   1.3048e+00   3.4554e+00
   3.9549e+00  -5.4357e+00   4.1997e+00   2.0167e+00  -3.0741e+00
  -4.0900e-01  -1.5789e+00   1.1809e+00   2.9348e+00   1.6729e+00
   8.6651e-01  -2.5501e+00  -2.7147e+00  -2.9542e+00   6.9862e+00
  -2.2512e+00   2.5583e+00  -3.5700e+00  -2.2609e+00   3.0927e+00
  -1.0043e+00  -3.2001e-01   5.8451e-01  -5.5161e-02   5.0745e+00
   2.9686e-01   3.6105e-01   2.5665e-01  -2.8609e-01  -5.4478e+00
  -6.5407e-01  -1.1294e+00   2.3701e+00   4.2239e+00  -6.4874e+00
   2.1560e+00  -3.8982e-01   4.0535e+00   1.3954e-01  -9.7433e-01
  -3.0978e+00   4.5909e+00  -2.8146e+00   1.6444e+00   5.1805e+00
   1.0760e+00   1.0396e+00  -2.2127e+00  -3.7730e+00  -3.0846e+00
   2.6437e+00  -3.5236e+00  -2.6540e+00  -2.8584e+00   2.8234e+00
  -2.9030e+00   4.3029e+00  -6.6027e+00  -2.4957e+00   2.2137e+00
   5.9750e-01  -8.4850e-01  -1.7399e+00  -2.5643e+00  -5.8313e-01
  -1.2896e+00   2.7021e+00  -2.5140e+00   1.4932e+00   3.3052e+00
  -4.2806e+00   1.9691e+00  -3.5930e+00   1.6322e-01  -4.0262e+00
   2.9952e+00  -2.8300e+00   6.1854e+00   3.2780e+00  -1.0065e-01
  -2.5122e+00   6.5040e+00   1.6133e+00   1.7590e-02   4.9858e+00
   3.3718e+00  -6.3718e-01  -4.8830e-01  -8.4791e-01  -1.8874e+00
  -6.6721e-01   1.1190e+00  -1.9560e+00   7.4177e-01   1.0807e-02
   9.6937e-01  -1.9054e+00   4.1813e+00   3.1953e+00  -1.3581e+00
  -3.3026e+00   2.8296e+00  -1.4163e+00   1.4019e+00  -6.6581e+00
  -9.1491e-01   3.1141e-02  -4.8540e-01   1.1959e+00   2.4149e+00
  -3.8761e+00   4.7856e+00   6.3837e-01  -1.4988e-01   4.0511e+00
  -3.4061e+00   3.1310e+00   1.0181e+00  -1.1576e-01   8.2422e+00
  -1.1556e-01  -2.3759e+00  -1.9392e+00  -1.2313e+00   4.8407e-01
  -1.4597e-01  -2.4349e+00  -3.2857e-01  -6.1850e-01  -1.1847e+00
   3.0300e+00  -3.4478e+00  -2.4515e+00  -4.2333e-01  -5.0319e+00
  -7.0212e-01   3.2036e+00   3.2637e-01  -2.3829e+00   4.6721e+00
   4.3390e-01   1.9593e+00  -9.6074e-01  -2.6190e+00   4.7027e+00
  -1.0786e+00   2.0211e+00   1.4492e+00  -2.3987e-01   5.6338e+00
   1.6088e+00   2.2414e-01  -1.9972e+00  -1.4630e-01   1.4094e+00
  -2.8500e+00   2.9364e+00   8.5120e-01   5.8726e-01  -6.9269e-01
   2.1357e+00  -3.8338e+00   9.1416e-01  -1.4206e+00   1.1642e+00
   2.0817e+00  -3.8108e+00   3.5783e+00   2.0249e+00  -7.9316e-01
  -4.3422e+00   5.3290e+00  -2.0151e+00   3.8352e-01   3.9139e+00
  -2.4144e+00   3.5147e+00   3.0909e+00   4.1085e+00   6.0751e+00
   3.7034e-02  -3.8577e-01  -4.2297e+00   1.1306e+00  -5.5140e+00
  -2.1605e+00   2.3461e-01   1.3857e+00   3.5646e-03   3.8285e-01
   1.5345e+00  -2.1435e-01  -5.8887e+00  -1.5174e+00   4.8698e+00
   2.2194e+00  -1.9304e+00   2.4453e-01   5.4502e-01  -6.2897e+00
   3.9517e+00  -6.9443e+00   1.2056e+00   1.7296e+00   1.0430e-01
   2.8747e+00  -2.1707e+00  -4.8879e+00  -4.7133e+00  -5.9954e+00
  -7.7574e-01   2.8349e+00   2.6822e+00  -2.1670e-01   1.1434e+00
   3.4533e+00  -2.8847e+00   5.5518e+00   2.2405e+00  -2.2179e+00
  -6.6233e-01   2.3507e+00   2.7557e+00   3.5198e+00   2.0342e+00
  -1.7059e+00  -1.6410e+00  -1.6242e-01   2.6371e-01   6.1860e+00
  -4.1808e-01   2.1503e+00  -5.4507e+00  -2.1851e+00   1.5624e+00
  -2.3316e+00   1.7090e+00   4.0039e+00   2.5785e+00   3.8888e+00
   3.7046e+00  -4.9915e+00   2.5593e+00   1.4852e+00  -1.4393e+00
  -1.1483e+00  -5.3897e-01  -3.7379e+00  -1.5360e-01  -2.0049e+00
   1.4452e+00  -2.0272e+00   3.6079e+00   1.0432e+00   3.1494e+00
   1.3043e+00   1.2999e+00   7.1015e+00   5.3608e-01  -1.6835e+00
  -9.7055e-01   5.6305e-01  -9.3726e-01  -4.3995e-01  -1.7287e-01
   2.9134e+00  -3.8757e+00  -1.1847e+00  -1.1629e+00  -3.1087e-02
   2.8667e+00  -2.7135e+00   1.5415e+00   1.6597e-01   2.7399e+00
   1.0217e+00  -2.8964e+00   6.8876e-01   1.0475e+00  -5.1684e+00
  -4.2605e-01   1.2787e-01  -2.1779e+00   4.9552e-01   3.1756e-01
  -1.1033e+00   2.1605e+00   2.1426e+00   4.6234e-01   1.4728e+00
   3.5108e+00  -5.3180e+00   9.9820e-01  -2.3056e-01   2.4865e+00
   1.9462e+00  -3.4670e+00  -2.7078e+00  -1.7953e+00   2.5189e+00
  -3.0077e-01  -2.2240e+00   2.1804e+00  -6.7345e-01   4.3490e+00
   1.9295e+00  -2.4416e+00   3.5236e+00   1.3260e-01   3.9522e+00
   6.9189e-01   3.3286e+00  -3.4336e+00  -3.4794e+00  -2.4283e+00
   2.8764e+00  -1.9252e+00  -5.0495e+00  -1.1289e+00  -9.3448e-01
   2.9048e+00  -3.5886e+00   3.9315e+00   1.9876e+00   8.7379e+00
   7.9993e-01  -1.4589e+00  -3.1284e+00  -4.6394e-01  -1.8627e+00
   4.0083e-03  -1.8728e+00  -8.4650e-02   1.0195e+00   4.1636e-01
   2.0680e+00  -2.8979e+00   1.3430e+00   1.1490e+00  -1.2231e+00
   1.0027e+00  -2.0292e-01   3.7858e-01  -7.6333e-01   3.6572e+00
  -5.5814e-01   1.5278e+00  -2.5901e+00  -2.0729e+00  -9.1692e-01
   1.8110e+00  -2.1807e+00   5.5953e+00   4.6483e+00   1.5440e+00
   9.1568e-01  -4.6211e-01   5.2899e-01   2.8137e+00  -1.9942e+00
   3.7877e+00   3.4891e-01   4.3573e+00   3.8150e+00  -1.1047e-01
   2.6716e+00  -3.4279e+00  -5.1708e+00  -2.8320e-01  -3.2036e+00
  -1.6512e+00   9.8088e-01  -5.4954e+00  -2.4458e+00  -5.5377e+00
  -5.4332e+00   4.4150e+00  -3.9251e+00  -2.6619e+00   2.3704e+00
   4.7644e+00  -3.3610e+00   2.5653e+00  -7.7255e-01  -6.8423e+00
  -5.2125e-01  -2.1874e+00  -3.2132e+00  -3.1695e-01  -1.8410e-01
   7.9817e-01  -9.4731e-01   5.1630e+00   3.0935e+00   8.7221e-01
   4.4500e-02   4.5139e-01   5.2896e-01  -2.6613e-01   4.2011e+00
  -7.4573e-01  -2.9077e-01   2.4670e+00   2.4433e+00   3.9385e+00
  -2.1620e-01   7.1587e-01   1.2020e+00   1.9228e+00   1.0943e+00
  -8.9982e-02  -1.4967e+00  -2.6334e+00  -2.5533e+00  -1.1068e+00
  -1.7519e+00  -1.1961e+00   5.9282e-01   7.5322e-01   1.2816e+01
   3.5546e-01   1.2945e+00   1.9720e+00   5.2299e-01  -7.2637e-01
  -8.6268e-02  -1.8077e-01  -2.3230e+00  -1.7399e+00  -4.9462e+00
   2.3532e+00  -1.9382e+00   1.4056e+00   9.9794e-01   3.1186e-01
  -4.5468e-01   2.1797e-01   4.0170e+00   8.4411e-01   4.7805e+00
   1.8075e+00  -1.5716e-01  -1.1224e+00  -1.1387e+00  -5.0822e+00
   7.8988e-01  -1.6276e+00   6.3801e+00   3.8389e+00   1.6137e+00
  -1.0436e+00   1.8432e+00  -4.7501e+00  -3.4073e+00   4.7187e+00
  -1.7002e+00   1.5048e+00  -5.8313e-01   3.3917e-01   2.6731e+00
   1.3534e+00  -2.5977e+00  -4.0897e+00   1.8502e-01  -7.8076e+00
  -9.9218e-03   1.7050e+00   4.9268e-02  -1.4749e+00  -1.6712e+00
  -4.1627e-01   7.2009e-01  -8.3387e+00  -3.0162e+00  -6.7183e+00
  -1.3587e+00   1.1383e+00  -1.6199e+00   1.0825e+00   6.6121e+00
  -2.4982e+00   1.8794e+00   2.3884e+00   3.7271e+00  -2.0516e-01
  -2.3384e+00   3.2851e+00   1.5379e-01   3.8341e-01   7.9718e+00
   1.3027e-01  -2.2766e+00  -6.2650e-01  -1.7757e+00  -2.8286e+00
   1.5264e+00   1.4828e+00   2.9038e+00   1.0558e+00   4.7429e+00
  -1.3530e+00   1.5745e+00  -3.0577e+00  -6.5580e-01  -1.4065e+00
   6.1693e+00  -9.0713e+00   1.1582e+00   6.4835e-01  -7.4443e+00
  -2.1952e+00   4.0887e+00  -5.3591e+00   6.9228e-01  -1.2104e+01
   1.8836e+00  -2.5896e+00  -2.0828e+00  -2.7927e-01  -3.4994e+00
  -8.9815e-01  -1.1109e+00  -3.5127e+00   3.7211e-01  -3.9655e+00
  -1.4924e+00   1.5732e+00   4.0311e+00  -8.6151e-02   3.2256e-01
   3.6881e+00  -1.8309e+00   3.9471e+00  -2.4129e+00   5.1518e-01
  -1.8545e+00   3.3909e+00  -4.9590e+00  -3.4070e+00   1.4146e+00
   6.0188e-01  -8.6581e-01   2.7778e+00   1.6249e-01   2.6667e-01
  -2.3979e+00   1.3688e+00   4.4279e+00   2.1220e+00   1.9881e+00
   2.3769e+00  -4.0767e+00  -7.5095e-01  -2.6940e-01   2.0626e+00
  -3.2170e+00   2.5910e+00  -3.3036e+00  -3.3914e-01  -1.0497e+00
  -3.1219e-01   6.2864e-01   3.0496e+00   3.2908e+00   3.7547e-01
   2.4807e+00  -2.1690e+00   4.7448e+00   1.2777e+00   1.3607e+00
   3.3293e+00  -3.0807e+00   2.8642e+00  -2.4852e+00  -5.5660e+00
  -1.2544e+00   2.4875e+00   4.0738e+00   3.0749e-01   6.1843e+00
   2.1261e+00  -4.5273e-01   2.5886e+00  -3.1446e-01   3.6748e-01
   2.7510e-01   8.0002e-01  -3.1737e-01   9.4484e-01   8.7199e-01
   4.5466e-01   5.2010e-01   3.3636e+00  -2.0404e+00  -1.8101e+00
  -1.0516e+00   5.3112e+00   3.4582e+00   3.1251e-01   4.3763e+00
   1.8105e+00  -3.1667e-01   3.5100e+00   2.7598e+00   2.0535e+00
  -8.8886e-02  -6.8415e-01  -4.1702e+00   1.9835e+00  -2.9139e+00
  -2.5392e+00   3.6732e+00  -9.9402e-02   3.6498e-01   4.0179e-01
   1.2276e+00  -1.9163e+00   5.2520e+00  -1.3591e+00   3.8517e+00
   2.0051e-01   2.3771e-01   6.5235e+00  -1.1409e+00   8.7882e+00
  -2.4565e+00   4.4901e+00  -1.4596e+00   1.4892e+00  -3.1811e+00
   4.9243e-01  -7.6959e-01  -1.5708e-01  -1.4745e+00   1.7401e+00
   2.9460e+00  -1.4194e+00   6.5977e+00   2.2700e+00   7.3048e-01
  -3.5589e+00   4.0526e+00  -9.8920e-01   1.9812e+00   1.1410e+00
  -1.1333e+00   1.0739e+00  -3.7404e+00   2.6873e-02   1.6802e+00
  -1.3991e-02   7.3144e-01   5.8785e-01  -1.7850e+00   3.7928e+00
   3.7718e-01   4.8787e-01   1.1795e-01  -7.8902e-01   1.6615e+00
  -5.3805e+00   5.9285e+00  -2.7653e+00   4.1699e-01  -2.7560e-01
  -7.6119e-01  -3.3771e-01  -4.6700e+00  -2.3755e+00   6.4377e-01
   3.4906e+00  -3.9017e+00   2.7128e+00   4.7964e+00  -3.6687e+00
   5.5907e-01  -1.0424e+00  -4.6646e+00  -2.3721e+00  -2.0056e+00
  -1.5625e+00  -3.2229e-01   5.6258e+00   2.4586e+00   4.2694e+00
  -9.6368e-01   3.3168e+00   6.6605e-01  -4.2371e-01  -3.6855e+00
  -4.0091e+00   2.0606e+00  -1.8033e+00  -7.6322e-01  -4.0389e+00
   1.7615e+00  -2.8600e+00   2.3968e+00   1.2511e-01   1.0221e+00
   3.8112e-01  -3.7760e+00  -1.9907e+00  -1.0684e+00   5.4414e+00
  -2.4251e-01  -3.0546e+00   5.4638e+00   1.5700e+00   5.1985e+00
   8.9973e-01   8.9796e-01  -7.0697e-01  -1.9120e+00   6.6260e-01
   3.1958e+00  -4.5246e+00   6.0506e+00   1.6190e+00   5.7168e-01
  -2.0564e+00   1.9522e+00  -2.7901e+00  -8.8743e-01  -1.5245e+00
   3.0760e+00  -1.9576e+00  -1.3736e+00  -2.5555e-01  -2.0891e+00
  -2.6118e+00   2.9663e+00  -4.5603e+00  -8.5689e-01  -6.0888e-02
  -1.2976e+00   8.2746e-01   2.1584e+00   1.4019e-01   3.8823e+00
  -9.2014e-01   3.2332e+00   4.4257e+00   2.0271e+00   5.1171e+00
   3.6062e+00  -5.5372e+00   3.8737e+00   6.1733e+00  -3.2013e+00
   1.1666e+00  -7.7459e-01   1.0191e-01  -1.4789e+00   4.5782e+00
  -3.1856e-01  -5.4591e-01   1.1418e+00   8.5877e-01  -2.3048e+00
  -3.2619e+00   3.3815e-01  -2.1015e+00   5.4424e-01   2.0217e+00
  -4.9261e-01   5.3496e-01  -8.1162e-01  -3.6631e+00  -1.5172e+00
   1.0088e+00  -2.8002e+00  -2.7213e+00   1.1975e+00  -3.9741e-01
   1.5007e+00  -1.6602e+00   2.4017e+00   4.0221e-01   2.1662e+00
   7.3255e-01  -3.0780e+00  -2.6755e+00  -1.1958e+00  -2.1555e+00
  -5.9923e-01   1.7165e+00   3.2136e+00   8.1066e-01   6.1966e+00
   3.5771e+00  -2.3715e+00   1.2762e+00   1.9446e+00  -2.4794e+00
  -2.5593e+00   4.0173e+00  -3.2716e+00   1.5205e+00  -1.3426e-01
   2.0611e+00  -3.4112e+00  -2.2605e+00  -7.3033e-02  -1.9527e+00
  -2.1776e+00   6.0454e-01  -8.9119e-01   4.4872e+00   2.4192e+00
   1.7006e+00  -5.2934e-01   2.5711e+00   2.4846e+00  -2.6476e+00
  -2.7892e+00   3.4806e+00   9.5514e-02  -1.2453e+00   1.0460e+00
  -3.3459e+00   3.5055e+00   1.6504e+00   2.4004e+00   3.5868e+00
   2.4424e+00  -4.5729e+00   2.0554e+00  -9.9437e-01   1.9002e+00
  -2.4983e+00   4.1519e+00  -3.1046e+00  -7.6528e-01  -1.2886e+00
   3.0321e+00  -2.4803e-01   7.6369e+00  -2.6410e-01   4.5909e+00
   2.6848e+00  -5.7011e+00   4.1717e+00   3.2842e+00   9.8198e-03
   1.0672e+00  -1.5131e+00   2.6831e-01   1.0083e+00   2.4843e+00
   4.0530e-01  -4.1593e-01  -3.3629e+00  -2.3236e+00  -4.8257e+00
   1.9676e+00  -3.3120e+00   2.1663e+00   4.9213e+00  -5.5311e+00
  -1.2281e+00   1.3600e+00  -2.2317e+00  -1.1834e-01  -5.5185e+00
   2.6143e+00  -4.9280e+00  -1.5068e+00   1.2642e+00   5.0444e-01
  -2.1920e-01   2.2888e+00  -2.7778e+00  -3.0592e+00   1.6762e+00
   2.9868e+00  -1.0252e+00   6.6587e-01   1.8029e+00  -5.6060e+00
   3.1967e-01  -1.0135e+00  -2.0162e+00  -2.2949e+00   7.6332e+00
  -8.1741e-01   9.0464e-01   4.2981e-01   3.0871e+00  -6.5255e+00
   3.5313e+00  -1.7568e+00   1.7188e+00   3.9585e-01  -5.5081e+00
  -1.4274e+00  -5.2828e-01  -3.3534e+00   2.9400e-01  -1.2443e-01
  -3.9911e+00   4.0644e+00  -7.7501e-01   1.4855e-01   6.9431e+00
   5.2583e-01  -2.5022e+00  -2.1615e+00   2.2496e+00  -3.1366e+00
  -1.9353e+00   1.7498e+00  -1.8133e+00   9.6159e-01  -5.6641e-02
   1.5100e+00  -1.4071e+00   6.2534e+00   1.3669e+00   1.3481e+00
  -1.4311e+00   3.6330e+00  -1.0771e-01   7.9951e-01   1.4839e+00
   3.4922e+00  -3.3261e+00  -9.0340e-01  -2.9158e+00   4.5238e+00
   1.0306e-01   1.4798e+00   1.6394e+00  -2.2482e+00  -3.3902e+00
   3.1786e-01  -7.3644e-01  -4.6586e-01   3.5123e-01  -3.1180e+00
   6.2229e-02   8.6769e-01   3.0407e+00  -5.3468e-01   4.8055e+00
   2.6149e+00  -3.4339e+00   8.3723e+00   2.0817e+00   1.4552e+00
   2.2876e-01  -7.5224e-01  -6.4807e-01   3.9975e-01   2.8458e+00
  -1.3566e+00   3.1561e+00  -3.2138e+00  -2.3753e+00  -5.5277e-01
   1.1028e+00  -2.4614e-01   2.1121e+00  -3.5418e+00   9.1881e-01
  -1.6917e-01   3.8710e-01  -1.7929e+00  -3.3372e+00  -3.2165e+00
   2.4005e+00  -3.2072e+00  -3.4498e+00  -4.4082e-01  -3.1924e+00
  -6.3973e-01  -2.4378e+00  -3.7278e+00   3.9864e-01  -2.4492e+00
   2.9919e+00  -1.9693e+00   6.1821e-01   3.6926e+00  -2.5078e+00
   3.0928e+00  -3.4939e+00   1.8718e+00   4.4223e-01   5.3492e+00
  -4.2107e+00   4.3937e+00  -2.2203e+00   1.2600e-01  -1.5727e+00
   1.7813e+00  -1.7488e+00  -7.5739e+00  -1.8907e+00  -8.2947e+00
  -4.7249e-01   5.0210e-01   6.4829e-02  -7.3559e-01   3.8654e+00
   1.1762e+00   5.1472e-01   2.2883e+00  -2.3470e+00  -1.2091e+00
   1.7355e+00  -3.5101e+00   3.0819e+00   1.1064e+00   1.2201e+00
  -2.0671e+00   2.1761e+00  -3.2016e+00  -3.2795e+00   3.6740e-01
   1.0336e+00   2.1582e+00   3.0496e+00  -1.0470e+00   3.3683e+00
  -3.4428e+00   6.6369e+00   1.1258e+00   3.6131e-01  -7.6586e-01
   7.5872e-01   9.4017e-01   3.5214e+00   7.8912e-01  -4.9726e+00
  -1.9673e+00   4.3095e+00   5.5537e-02  -1.6835e+00   2.2393e+00
   1.3937e+00  -1.3220e+00   1.9944e+00  -3.3045e+00   2.7084e+00
   2.5212e+00  -5.3574e+00  -2.0791e+00  -1.6616e+00  -1.7837e+00
   2.8003e+00  -2.2026e+00   2.1399e+00   1.6705e+00   7.1058e+00
   2.7143e+00  -1.7702e+00   4.4034e+00   2.2327e+00   7.2234e-01
   3.2973e+00  -3.3685e+00   4.3807e-01   7.4519e-01   8.8633e-01
   1.2540e+00  -2.0566e+00  -4.9017e-01   2.2922e-01  -1.6149e+00
   1.8855e+00  -1.8289e+00   1.4687e+00   4.4862e-01   4.2175e-01
  -9.6401e-01   4.5743e+00  -1.2692e+00  -2.4481e+00   1.1125e+00
   3.7416e-01  -1.4023e+00   3.2610e+00  -2.1505e+00   2.2818e+00
   4.1211e+00  -4.4671e+00   3.7840e-01   6.3565e-01  -2.6889e+00
  -4.3743e-02   1.2436e-01  -3.9894e+00  -2.7946e+00   1.3827e+00
  -1.3614e+00  -1.1280e+00  -5.1796e+00  -2.6685e+00   4.1188e-01
  -7.0111e-01   2.1313e+00  -4.6132e-01  -1.0825e+00   3.8552e+00
  -4.6122e+00   2.9976e-01  -5.8341e+00  -1.5497e+00  -1.8422e+00
  -4.5246e-01   1.2595e+00  -5.9539e+00  -2.6503e+00  -2.3202e+00
  -2.0018e+00   7.2784e-01   1.3098e+00   4.0370e+00   1.4659e-01
  -1.2951e+00   7.8612e-01   4.1547e+00   3.5014e+00  -2.2550e+00
   2.7386e+00  -1.8070e+00  -5.9959e-01   1.7368e+00   2.3183e-01
   4.9548e-01  -3.8266e+00   1.3016e+00   2.1532e+00  -7.0359e+00
  -4.2119e-01   1.5126e+00   2.8436e+00   1.4928e+00   3.0393e+00
  -4.4055e+00   6.9994e+00   1.7000e-01  -4.6079e-01  -1.4370e-01
  -1.5348e+00   2.3934e+00  -1.0490e+00   2.9348e-01  -5.1203e+00
   4.9485e-02  -1.9875e+00  -1.4514e+00   9.6959e-01  -6.2915e+00
   3.2173e+00  -2.4502e+00  -3.0559e+00   1.1244e+00  -4.6866e+00
   4.5913e+00  -6.5393e+00  -1.8135e+00  -1.6796e+00  -5.7420e+00
   2.6548e+00  -2.2084e+00  -1.3731e+00   2.9311e+00  -3.9380e+00
  -2.5833e+00   3.6958e+00  -4.1445e+00  -2.1904e+00   1.1221e+00
  -1.6726e+00   2.2683e+00   2.8598e+00  -8.5796e-01   1.2374e+00
   8.7656e-01   2.0411e+00   1.3671e-01  -2.0127e+00   2.6822e+00
   2.3197e+00  -1.3113e+00   3.5375e+00  -6.2349e-01   1.8431e+00
   2.2790e+00  -1.7691e+00   3.6687e+00   6.3362e-01   6.3625e+00
   9.9317e-01  -3.3017e-01   4.2311e-02   2.2485e+00  -1.9566e+00
  -5.6043e-01  -9.6982e-01   2.9618e+00   2.9880e-01   1.6969e+00
   1.6246e+00  -1.7513e+00  -1.7418e+00  -3.6039e+00   2.2759e-01
  -5.3080e-01   2.1297e-01  -4.0842e-01   1.5264e+00   2.6088e-01
  -1.8420e+00   3.2643e+00  -1.5533e+00  -6.7876e-01   4.2989e+00
   8.4377e-01  -1.4216e+00  -3.0822e+00  -2.3903e+00   2.5748e+00
   9.6666e-01  -1.6512e+00  -2.9122e+00   2.3336e+00   1.2061e+00
   8.5102e-01   2.6347e-01  -1.9040e+00  -3.0888e+00  -2.9501e+00
  -4.0879e+00   1.9759e+00  -5.2570e+00  -2.2492e-01  -2.2348e-01
   2.4953e+00  -3.0581e-01   4.4144e+00  -2.8994e+00  -7.9692e-01
   2.6478e-01   2.2616e+00  -1.6979e+00  -3.2344e+00   4.6122e+00
  -4.7168e+00   6.1998e+00   1.5903e+00   8.8174e-01   4.3160e+00
   3.6344e-01   1.7572e+00   9.5567e-01  -2.1909e-01   3.2485e+00
  -1.0623e-01  -1.8049e+00   1.4558e+00   1.0800e+00  -1.9061e+00
   1.2864e-01  -1.5851e+00  -8.9719e-01   2.6486e+00  -3.2514e+00
   1.1101e+00  -2.3872e+00   2.5896e+00   1.2281e+00  -1.7662e+00
  -3.1249e+00   4.4986e+00  -3.5649e+00  -4.0003e+00   4.4718e+00
  -2.2065e+00   5.4453e-01  -4.6513e-01   2.0619e+00   5.8643e+00
  -4.6440e-01   1.0331e+00   4.5960e+00   1.9092e+00  -2.2982e+00
  -3.1098e+00  -1.4327e-03  -2.0464e+00  -6.5027e-01  -1.0149e+00
   5.6792e-01  -2.4057e+00  -3.4089e+00  -3.5006e+00   4.8139e+00
   2.7686e-01  -1.6412e+00  -4.7875e+00  -9.1429e-01  -1.2562e+00
  -2.7262e+00   4.2120e+00  -6.6655e+00  -3.8139e+00  -5.7488e+00
   2.5243e+00  -1.0026e+00  -2.9224e-01  -1.6805e+00  -5.1778e+00
   3.4296e+00  -2.8074e+00   3.6888e+00  -4.7889e-01   1.4335e+00
  -2.1167e+00   1.5504e+00  -9.2708e-01   1.1299e+00  -6.4184e+00
   5.2328e-01   8.9418e-01  -6.3359e-01   2.0842e+00   1.0620e+00
   6.0111e+00  -7.4150e+00   4.4437e+00  -1.1800e+00   4.4975e+00
  -1.2296e+00   2.4157e+00  -3.1403e+00  -2.8133e+00  -1.8821e+00
  -6.3238e-01  -2.7511e-01  -2.9976e+00  -1.9474e-02   6.6256e-01
  -3.5659e+00   2.9903e+00  -7.2335e+00  -4.4325e+00  -4.2841e+00
   2.0269e+00  -3.1895e+00  -1.7003e+00  -1.1034e+00   4.7417e+00
  -1.9397e+00   2.0131e+00   4.9170e+00  -8.0318e-01  -4.9483e+00
  -2.0141e-01  -1.9596e+00   2.4584e+00   1.3289e+00   8.5839e+00
   1.1248e-01  -8.5222e-01  -6.2903e-01  -1.4430e+00  -6.4883e-01
  -2.5472e+00   2.2638e+00  -4.6421e+00  -2.9029e+00   6.6146e+00
  -6.5993e-02   5.1536e-01  -1.1831e-01  -1.4726e+00  -1.9764e+00
  -3.7491e-01  -1.9064e+00  -4.1686e-01  -3.0357e-01  -1.9618e+00
  -3.7914e-01   2.4750e-01   1.6808e+00   1.4907e+00   5.5046e+00
   4.0203e+00  -4.8108e+00   3.0913e+00   5.6467e-01  -8.0972e-01
   1.8603e+00  -4.2215e+00  -1.5252e-01   1.4910e+00  -1.9993e+00
   8.3388e-01  -3.1909e-01   1.5065e+00   2.3901e+00   3.8303e+00
   1.6072e+00  -1.6988e+00  -2.0496e+00  -1.1230e+00  -7.1383e+00
   1.3248e-01  -4.4073e-01  -1.0622e+00  -9.2949e-02  -1.0196e+00
   2.8131e-01   1.8709e+00   3.4490e-01  -9.2372e-01   5.6923e+00
  -8.5963e-01  -3.3153e+00  -1.9644e+00   3.0261e+00  -3.1243e+00
  -1.2066e+00   5.8882e-01  -9.3672e-01  -2.0267e+00  -1.3634e+00
   1.4908e+00  -2.4083e+00   8.1703e-01   1.3813e-01  -6.5579e-01
   1.1844e+00   7.4083e-01   5.6168e-01  -3.7082e+00   2.1100e+00
   6.2497e-01  -1.5388e+00   2.0717e+00   2.3041e+00   3.3336e-01
  -4.0176e+00  -7.9606e-01  -2.4691e+00  -5.1422e-01  -1.4225e+00
   1.9990e+00  -2.1743e+00  -2.6074e-01  -4.8443e-01  -2.9927e+00
   1.5333e+00  -2.2081e+00  -1.1539e-01  -3.8843e+00   4.5432e+00
   2.5059e+00  -3.7805e+00   4.7046e+00   4.1318e+00  -3.7378e+00
  -2.1683e+00  -1.1044e+00  -1.4701e+00   1.7289e+00   3.7537e+00
   2.0556e-01   1.6733e+00   2.8706e+00   2.0366e+00  -4.6256e-01
  -6.1502e+00   7.7608e+00  -7.9541e+00  -1.6557e+00   2.4146e+00
  -2.3033e+00   4.3502e+00  -2.0475e+00  -1.0454e+00   1.5569e+00
   6.7119e-01   2.4419e-02   2.4881e+00   3.7763e+00   3.7823e+00
   1.1472e+00  -3.7732e+00   4.4240e+00   3.0413e+00  -1.8721e+00
  -6.4066e-01  -9.1825e-01  -2.6300e+00  -1.4123e+00   3.7444e+00
   1.2287e-01  -1.2394e+00  -7.1787e-01  -2.7117e+00   9.6885e-01
   2.6312e+00  -2.7615e+00   1.4892e+00   8.7998e-01   1.0929e+00
   1.3451e+00  -1.5500e+00  -4.5425e+00  -1.8394e+00  -7.0823e+00
  -2.4512e+00   1.3833e+00   1.0295e+00   5.3810e-01   3.4584e+00
  -3.3798e+00   2.3891e+00  -5.4592e+00  -8.4223e-02  -2.6118e+00
  -2.5054e+00   1.7572e+00  -1.2045e+00  -5.2277e-01   8.5805e+00
   3.7256e+00  -1.2754e-01   4.0496e+00   1.8905e+00   8.5863e-01
   1.9979e+00  -3.8013e-01  -3.8709e-02  -1.4023e+00  -3.7403e+00
  -3.7460e+00   4.4976e+00  -2.7264e+00  -5.5289e-01   2.0202e+00
  -1.2840e+00  -5.9296e-01   5.7750e-01   1.7592e+00   1.4802e+00
   6.4936e-01  -2.2852e+00   1.7968e+00   1.1042e+00  -2.7683e-01
   1.3164e+00   4.9246e-01   2.6342e+00  -8.7162e-01  -4.4305e+00
  -1.8280e+00  -1.6727e-01  -8.9300e-01  -2.8995e-01  -3.4422e+00
  -1.9717e-01   2.1813e+00   7.4723e+00   1.9833e+00  -2.3472e-01
  -2.0115e+00   3.5648e+00   2.1573e+00   9.8047e-01   6.5530e+00
   6.5053e-01  -1.5007e+00   5.7073e-02   6.1261e-01  -2.6453e+00
   3.3614e+00  -2.0840e+00   4.6601e-01  -1.6003e-01   1.6497e+00
  -1.3344e+00  -1.9289e+00  -2.7795e+00  -2.5525e-01  -1.9608e+00
   4.2887e-01  -1.2289e+00   2.8947e+00   1.5343e+00  -5.1808e+00
   6.4327e+00  -8.3223e+00  -1.9306e-02   3.0612e-01  -5.5743e+00
   3.2237e+00  -8.3116e-01   3.5049e+00   8.4235e-01   2.8993e+00
  -2.2351e+00   1.7209e+00  -7.6635e-01   1.9675e+00  -3.5559e+00
   8.2102e-01  -1.4812e+00   9.3012e-01   2.7603e+00  -1.9248e+00
   1.5945e+00  -4.7401e+00  -2.1084e+00   2.1849e+00   5.8657e-01
  -1.0311e+00   1.4797e+00   6.5351e-01   2.0188e+00  -2.2648e+00
   7.4003e-01   1.3549e+00  -3.5579e+00  -3.3164e+00  -3.4190e+00
  -1.6084e+00   4.6148e+00   3.9273e-01   6.9652e-01   1.4909e+00
  -1.2516e+00   1.6439e-01   9.9159e-01  -5.5633e-01   2.3950e+00
  -1.1701e+00   4.0502e-01   8.1142e-01   1.1331e+00   4.3099e+00
  -1.4407e+00  -9.1677e-01   1.3884e+00  -4.0709e-01   1.5242e+00
   1.3182e+00  -1.2860e-01   2.1355e+00   9.0796e-01  -5.1115e-01
  -9.5789e-01   5.3644e-01  -4.7651e-01  -1.3571e+00   7.9662e-01
   2.2181e-01  -9.1536e-01   2.0225e+00   1.2092e-01   9.2388e-01
  -2.6836e+00   5.9836e+00   1.7124e-01  -1.7778e+00   1.2042e+00
   3.9023e+00  -3.2430e+00   1.8981e+00  -1.1557e+00   1.5386e-01
   3.2820e+00  -4.6841e+00   4.1708e+00   2.1028e+00   3.7046e+00
  -3.9412e+00   4.3093e+00  -1.0387e+00  -3.6033e+00   2.8337e+00
   1.8983e+00  -6.9763e-01   4.5936e+00   9.9151e-01   7.3210e+00
  -1.4140e+00  -1.1625e-01  -4.4145e-01   1.1932e+00  -1.6460e+00
   2.4641e+00  -2.8204e+00   2.1797e+00   1.1008e+00   3.3816e-02
  -5.9114e-01  -8.8125e-01  -4.6259e-01  -1.6381e+00  -4.0659e+00
   4.8998e+00  -7.3412e+00  -8.4134e-01   6.5536e-01  -6.0617e+00
   4.7513e+00  -5.2487e+00   2.0836e+00   1.6722e+00  -3.8429e+00
   1.0346e+00  -3.3985e+00   2.3143e+00  -4.9768e-01  -3.5684e+00
   1.7796e-01  -1.0516e+00  -2.0027e+00   2.3054e+00  -5.9507e+00
   2.7516e+00  -1.9791e+00   4.0584e-01  -9.9820e-01   5.9536e+00
   6.7556e-01   1.6102e+00   2.7465e+00   1.6929e+00   4.9724e+00
  -1.4988e+00  -3.2202e-01  -1.0543e-01  -3.3546e+00   5.9409e+00
   3.5002e-01   2.5437e+00   4.6287e-01  -3.1612e+00   4.7366e+00
   1.4273e+00   8.6668e-02  -6.9742e-01   9.5951e-01  -2.2979e+00
   2.6793e-01   7.5540e-02  -5.6975e+00  -4.7433e+00   1.6649e+00
  -1.1932e+00  -8.9939e-01  -2.0859e+00   1.2431e+00  -5.2008e+00
  -1.8556e+00   5.9810e+00  -1.5349e-01  -3.1154e+00   8.7606e+00
  -4.0636e-01  -2.1727e+00  -9.9534e-01  -2.3280e+00  -6.4212e+00
   1.5207e+00  -6.4216e-01   2.0850e+00   1.6215e+00   2.5230e-01
  -2.3014e+00  -2.5804e-01  -5.8123e-01  -1.1490e+00   6.8977e-01
   3.2245e-02  -1.0246e+00   1.2641e+00   1.2397e+00  -1.6527e+00
  -1.3987e+00  -1.9892e+00  -8.9123e+00  -4.6788e+00   9.6362e-02
  -1.1966e+00   2.9881e+00   3.2172e-01   2.1058e+00  -1.4625e+00
   3.7310e-01  -1.7986e+00   2.7481e-01   2.9180e+00  -2.2348e-01
   1.2014e+00  -6.4116e-01   5.0192e-01  -1.2771e+00   5.9527e+00
   9.7884e-02  -9.6896e-01  -1.4461e+00   7.2540e-01   6.9746e+00
  -1.9042e+00   7.1338e-01  -2.9037e+00  -1.0529e+00   4.0643e+00
   2.0857e+00  -1.8415e+00   4.3515e+00  -1.0205e+00  -1.7741e+00
   6.1280e-01  -2.7562e+00  -4.7407e+00   1.6230e-01  -4.4397e+00
   2.8338e+00  -3.6275e+00   3.2341e+00   2.4481e+00  -5.7081e+00
   4.1584e+00  -3.8690e+00   5.9470e+00   2.9841e+00   3.2491e+00
   3.0635e+00  -2.6165e+00  -1.3001e+00   1.0315e+00  -3.8845e+00
   1.3023e+00  -1.1854e+00  -3.4905e+00  -3.1289e-01  -2.6419e+00
   2.3155e-01   5.0770e-01   4.1575e+00   2.0589e+00   7.5611e+00
   1.5724e-01  -1.0981e+00  -1.3894e+00   1.6309e+00  -1.4018e+00
   2.3844e-01  -7.5772e-01  -3.4757e+00   1.9488e-01   2.9235e+00
  -1.9708e+00   3.2819e+00  -2.6756e+00  -2.4089e+00   1.9446e-02
   3.4876e-01  -3.7205e-01   6.1643e-01   2.7609e-01  -4.2692e+00
  -2.2313e-01  -1.2780e+00   1.6046e+00   2.0431e+00  -2.1981e+00
  -6.7808e-01   1.0454e+00  -2.4018e+00  -2.9224e-01  -3.8949e+00
   2.3449e-01  -1.7303e-01  -2.6070e-01  -5.2292e-01  -1.5546e-01
  -1.6091e+00   8.7035e-01  -1.0566e+00  -1.7166e+00  -1.2820e+00
   2.7856e+00  -7.9379e-01   3.5961e+00   1.5290e+00   3.7011e+00
  -2.6690e+00   1.2506e+00  -8.0975e+00  -2.6478e+00  -6.0141e+00
   4.1395e-01   2.8380e+00  -4.4524e-01  -3.4244e-01   1.4367e+00
   3.9755e+00  -4.3489e+00   5.3879e+00   1.9546e+00   8.4687e-01
  -7.6314e-02  -3.4469e+00   3.1107e-01   1.9639e+00   1.6177e+00
  -3.1152e+00   4.4125e+00   2.3520e-01  -5.0332e-01   5.0731e+00
   6.2275e-02   2.6642e+00  -4.1169e-01  -1.4145e+00  -3.6050e+00
  -3.1409e+00   4.9984e+00   7.4730e-01  -5.4773e-01   4.7344e+00
   1.9886e-01   8.1497e-01   2.2728e+00   1.2973e+00   3.8343e-01
  -2.9729e+00   2.6724e+00  -2.5577e+00  -1.3362e+00  -1.0468e+00
   1.0782e+00  -2.5848e-01  -1.0192e+00  -1.1911e+00  -4.2547e+00
   1.4424e+00  -6.3577e-01   3.3128e+00   4.4084e-01   2.9526e+00
  -1.3194e+00   1.8767e+00   1.0321e+00   1.6661e+00   2.4002e-01
  -1.7739e+00   3.4895e+00  -2.9606e+00   9.6771e-01  -4.6469e+00
  -1.1111e+00   1.6186e+00   2.9337e+00  -1.0634e+00   3.7714e+00
   1.1983e+00  -2.1651e+00   7.2255e-01   5.1058e-01  -3.1225e+00
  -2.1333e+00   2.4990e+00   2.8149e+00  -1.0520e+00   3.3332e-01
   2.5423e+00  -2.4332e+00  -4.0650e-01  -1.2547e+00   1.7492e+00
   5.7705e+00  -6.3225e+00   9.3785e-01   1.3658e+00  -3.1186e+00
   4.7124e+00   7.2294e-01   2.0292e+00  -9.3200e-01  -4.8783e+00
   3.9044e-01   7.8896e-01  -1.9832e+00   7.0412e-01   4.6024e+00
   3.6709e+00  -1.4830e+00   3.7267e+00  -4.4958e-02   5.4213e-01
  -3.9311e+00   5.1805e+00  -5.8752e+00  -8.4165e-01  -4.2918e+00
   8.7280e-01  -1.2247e+00  -6.7101e-01  -1.3299e+00   1.3537e+00
   1.3181e+00   1.0624e-01   5.0511e+00   2.0919e+00   3.6178e+00
  -2.9724e-01   2.0096e+00  -2.1530e+00  -2.5846e+00   2.7559e+00
  -3.2862e+00   3.5801e+00   2.4621e+00   8.7306e-01   2.1547e+00
  -5.8897e-01   9.7675e-01   1.0676e+00  -1.0792e+00  -7.5786e+00
  -3.5394e+00   2.7167e+00  -1.4154e+00   2.9784e+00  -1.0071e+01
  -1.5970e+00   9.8657e-01  -3.4524e+00  -6.7189e-01   4.5402e-01
   9.9836e-01   2.2900e-01   2.5808e+00   2.0125e+00   1.7520e+00
   4.9577e+00  -5.5737e+00  -2.5834e-01  -4.2842e-01  -9.3585e+00
  -3.3911e+00   5.6452e+00   1.6405e+00  -7.2907e-01   3.5289e+00
   1.6698e+00   3.3368e-01  -1.0241e+00   1.7531e-01   9.3138e-01
   3.3528e+00  -2.5382e+00   1.5672e+00   1.6628e-02   1.7134e+00
   4.9956e+00  -1.9948e+00   2.5695e+00  -8.3926e-02   1.5002e+00
   7.1676e-01  -1.2339e+00   6.7007e-01   1.5378e+00  -1.8991e+00
   2.6544e-01   7.5716e-02   5.0897e+00   9.3069e-02   2.1647e+00
  -3.1201e+00   2.9764e+00  -2.6518e+00  -2.6457e-01   2.0870e-01
   4.8558e+00  -5.2596e+00   1.2816e+00   9.2458e-01   3.0814e-01
   9.9291e-01  -3.0818e+00   1.9065e-01  -2.1795e+00   8.2115e-01
  -4.5352e+00   3.0786e+00   2.4245e+00  -8.3973e-02   1.2629e+01
  -3.5974e+00   4.5607e+00   2.0056e+00  -3.0741e+00   2.6764e+00
   2.2080e+00  -4.7291e+00  -3.2954e+00  -1.5649e+00   3.1798e+00
   1.4153e-01   4.0365e-01  -1.4273e-01  -2.1620e+00  -1.8908e+00
   2.9971e+00  -2.6486e+00   3.1119e+00   2.3753e+00   5.6462e-01
  -7.7490e-01  -4.5869e-01   3.6274e+00   5.4608e-01   6.5544e+00
  -1.7678e+00   1.9226e+00  -1.2369e+00  -1.7274e+00  -1.4974e+00
   3.8207e-01  -1.2355e+00  -1.4772e+00   4.6167e-01  -3.3622e+00
  -8.9768e-01   1.3417e+00   1.9651e+00   6.7895e-01   3.3342e+00
  -9.3378e-01  -3.9008e-01  -3.0284e+00   2.9961e+00  -8.6433e-01
  -7.4141e-01   2.6978e+00  -2.5754e+00  -1.0322e+00   5.7581e-01
  -2.0717e+00  -6.8186e-01  -8.4815e-01  -2.0399e-01  -1.8394e+00
   1.7720e+00  -2.7218e+00  -4.0739e+00  -1.6134e+00   3.9792e+00
   4.5299e+00  -9.3595e+00  -1.5114e+00   3.0384e+00   4.0035e-01
  -3.6835e+00   6.9019e+00   9.7481e+00   2.9957e+00   5.3115e+00
   2.8503e+00  -3.4344e+00   2.5125e+00  -4.6069e-01   2.8719e+00
  -3.4654e+00   5.1598e+00   5.6660e+00   1.7219e+00   3.5127e+00
   2.2312e+00  -1.3321e+00   3.5693e+00  -1.7475e+00  -2.2931e+00
   3.9789e-03  -3.3566e-01   4.3161e+00   2.9186e+00   3.7560e+00
   4.9770e+00  -4.1275e+00   8.6752e+00   3.5433e+00   2.2480e+00
  -1.2264e+00   1.5795e+00   2.8462e-02   1.2259e+00  -1.8552e-01
   1.9833e+00  -2.3913e+00   5.5367e+00   8.9974e-01   5.6182e+00
   5.9363e-02  -2.4149e-02   2.7752e+00  -2.1774e-01  -3.9671e+00
   5.7964e+00  -8.7966e+00  -1.5885e+00  -3.6404e-01  -9.1768e+00
  -2.6539e+00   2.2338e+00   1.1333e+00   1.2167e+00   3.1850e+00
  -1.1177e+00  -4.9992e-02  -4.5958e+00   5.6889e-01   4.5181e-01
   2.8480e+00  -2.4197e+00   1.5680e+00   8.8763e-01  -3.7437e+00
   1.3929e+00  -4.1519e+00  -1.1044e+00  -2.3763e+00  -6.5427e-01
   6.6025e-01   9.9152e-01   2.6101e+00   6.7026e-02   3.3761e+00
   8.9178e-01  -1.6947e-01   1.1109e+00   1.2058e+00   3.1203e+00
  -5.5947e-01  -1.5006e+00  -2.3792e+00  -6.5507e-02   4.4029e-01
   1.8196e+00  -3.3439e+00  -1.0895e+00  -5.4054e-01  -2.4513e+00
  -9.5249e-01   4.6022e-01   1.4280e+00   3.6643e+00  -4.2269e+00
  -1.4391e+00   3.7555e+00   2.9222e+00  -2.2066e-01   1.3753e+00
   1.5644e+00  -3.5708e+00   3.8034e+00   1.8697e+00   2.3766e+00
   2.3855e+00  -1.2832e+00   2.5268e+00   8.2140e-01   7.7448e+00
  -1.4600e+00  -5.8425e-01  -4.5536e+00  -1.2217e+00   2.9463e+00
   1.8916e+00  -8.0094e-01  -2.8921e+00  -9.0255e-01   1.7289e+00
  -1.2034e+00  -5.1988e-01   3.7685e-01  -5.7305e-02   2.2983e+00
   1.3346e+00  -1.9734e+00   1.2671e+00   8.7378e-01   2.6193e-01
  -4.2342e-01   9.4554e-01  -8.3263e-01  -1.5613e-01   2.4860e+00
   8.7173e-01  -4.2020e-01  -9.6623e-01  -2.2403e+00  -9.2939e-01
   9.9915e-01   2.3867e+00   1.7204e+00  -2.7359e+00   2.0545e+00
   6.9928e+00  -7.5633e+00   2.4492e+00   6.6672e-01  -3.4234e+00
   2.1140e+00  -2.5906e+00   1.8828e+00   2.5914e+00  -1.1480e+00
  -1.5768e+00   8.4525e-01  -1.7390e-01   5.9669e-01   5.1174e-02
  -2.7608e+00  -2.4103e-01  -3.5998e+00  -8.8919e-01  -2.6721e-01
   1.3192e+00  -1.8511e+00   3.2885e+00   6.1126e-01  -7.8676e-01
   6.2160e-01   6.1913e-01   3.0689e+00   1.5537e+00  -1.8505e+00
  -3.1345e-01  -1.9473e+00  -4.5917e+00  -2.5225e+00   2.0540e+00
   2.2083e+00  -1.8787e+00  -2.7341e+00  -1.2307e+00   9.7942e-02
  -4.9725e+00   5.7680e+00  -2.1627e-02  -2.5188e+00   5.0704e+00
  -7.5528e-01   3.1032e+00  -5.6184e+00  -3.5831e+00  -5.4593e+00
   1.0623e+00  -7.4678e-01  -2.8113e+00  -1.2430e+00  -4.2933e+00
   7.4061e-01  -5.1522e-01   4.1270e+00   2.0500e+00  -2.0422e+00
  -2.9243e-01  -2.2073e+00  -1.2395e+00  -3.2451e+00   1.0458e+01
  -1.7661e+00   3.4068e-01   5.5770e+00   1.1356e+00  -1.2885e+00
   3.5778e-02   8.9054e-01  -1.4293e+00   5.8872e-01  -6.6212e+00
   7.3541e-01  -1.7171e-01   2.6677e+00   1.3591e+00   3.7030e-02
   3.7293e+00  -2.5183e+00   6.6761e-01   8.2461e-01   4.6788e+00
  -1.3675e+00   3.2910e+00   3.8552e+00   1.8648e+00  -1.9455e-01
   7.0082e-01  -2.5578e+00  -9.3668e-01   1.4102e+00  -3.1645e+00
  -3.0004e+00   5.9561e+00   5.9222e-01  -3.4680e+00   9.3460e+00
  -8.9391e-01   1.4421e+00   1.3386e+00   3.1468e-01   4.8696e+00
  -3.5921e+00   4.9541e+00  -2.2155e+00  -8.1236e-01   5.9723e-01
   2.3122e-01   1.7062e+00   2.8335e+00  -3.2698e-01   2.9878e+00
   1.1300e+00  -1.6178e+00   7.9241e-01   2.4091e+00  -6.3568e+00
   3.3899e+00  -4.2598e+00   1.2483e+00   2.3996e-01   3.6606e+00
  -3.0329e+00   2.9844e+00  -4.2845e+00   1.2515e+00   3.1821e+00
  -2.3933e+00   6.3424e-01   3.7925e+00   3.1743e+00   4.1971e+00
  -3.4248e-02  -5.1231e-02  -8.7699e-01  -7.6465e-01   7.5803e+00
   1.5087e+00  -1.7413e+00   9.0312e+00   1.8858e+00  -4.0102e+00
   1.7409e-01   2.0614e+00  -2.2702e+00  -2.0420e+00   3.2271e+00
  -1.0574e+00   2.6351e+00   1.1375e+00   2.1538e-01  -1.7871e-01
  -2.0732e+00   9.7609e-01  -4.4042e-01  -1.2647e+00  -2.6854e+00
  -2.4311e+00   7.6871e-01  -7.4917e+00  -1.1707e+00   2.4219e+00
   2.7723e+00   8.2175e-02   2.6783e+00   1.2877e+00  -1.7916e-01
  -1.5140e+00   2.3851e+00   9.8764e-03  -6.7999e-01   4.9259e+00
  -3.3308e+00   2.4740e+00  -2.8735e+00  -2.2771e+00   1.9040e+00
   4.4580e+00  -3.4413e+00   3.9481e+00  -1.3443e+00   3.6047e+00
  -1.8014e+00   1.1050e+00  -2.9326e-01   9.2369e-01  -7.0663e-01
  -1.45